1.646304541627161980e+09
1.646304541727190018e+09
1.646304541827209949e+09
1.646304541927222013e+09
1.646304542027235031e+09
1.646304542127238989e+09
1.646304542227247000e+09
1.646304542327244043e+09
1.646304542427237034e+09
1.646304542527235031e+09
1.646304542627244949e+09
1.646304542727257013e+09
1.646304542827255964e+09
1.646304542927232981e+09
1.646304543027215004e+09
1.646304543127197027e+09
1.646304543227164030e+09
1.646304543327135086e+09
1.646304543427138090e+09
1.646304543527164936e+09
1.646304543627207041e+09
1.646304543727225065e+09
1.646304543827208042e+09
1.646304543927181959e+09
1.646304544027152061e+09
1.646304544127125025e+09
1.646304544227123022e+09
1.646304544327141047e+09
1.646304544427153111e+09
1.646304544527153969e+09
1.646304544627140045e+09
1.646304544727128029e+09
1.646304544827140093e+09
1.646304544927154064e+09
1.646304545027158022e+09
1.646304545127154112e+09
1.646304545227154970e+09
1.646304545327171087e+09
1.646304545427181959e+09
1.646304545527177095e+09
1.646304545627156973e+09
1.646304545727154016e+09
1.646304545827167034e+09
1.646304545927185059e+09
1.646304546027163029e+09
1.646304546127124071e+09
1.646304546227111101e+09
1.646304546327099085e+09
1.646304546427076101e+09
1.646304546527045012e+09
1.646304546626920938e+09
1.646304546726808071e+09
1.646304546826601028e+09
1.646304546926326036e+09
1.646304547026241064e+09
1.646304547126408100e+09
1.646304547226782084e+09
1.646304547327121019e+09
1.646304547427083015e+09
1.646304547526968002e+09
1.646304547626940012e+09
1.646304547727329016e+09
1.646304547827831984e+09
1.646304547927747011e+09
1.646304548027589083e+09
1.646304548126869917e+09
1.646304548226248980e+09
1.646304548325762033e+09
1.646304548425576925e+09
1.646304548525376081e+09
1.646304548625648022e+09
1.646304548726161003e+09
1.646304548826646090e+09
1.646304548926811934e+09
1.646304549026952028e+09
1.646304549126813889e+09
1.646304549226346016e+09
1.646304549326201916e+09
1.646304549426139116e+09
1.646304549526180029e+09
1.646304549625938892e+09
1.646304549726150036e+09
1.646304549826596022e+09
1.646304549927125931e+09
1.646304550027267933e+09
1.646304550127254009e+09
1.646304550227030993e+09
1.646304550326736927e+09
1.646304550426599026e+09
1.646304550526129007e+09
1.646304550625818014e+09
1.646304550725723982e+09
1.646304550826085091e+09
1.646304550926676035e+09
1.646304551027156115e+09
1.646304551127156019e+09
1.646304551226982117e+09
1.646304551326316118e+09
1.646304551425760031e+09
1.646304551525686026e+09
1.646304551626013041e+09
1.646304551726619005e+09
1.646304551827079058e+09
1.646304551927592993e+09
1.646304552027987003e+09
1.646304552128201008e+09
1.646304552228024006e+09
1.646304552327353001e+09
1.646304552426336050e+09
1.646304552525268078e+09
1.646304552624198914e+09
1.646304552723083019e+09
1.646304552822602034e+09
1.646304552922995090e+09
1.646304553023669004e+09
1.646304553124202967e+09
1.646304553224641085e+09
1.646304553324903965e+09
1.646304553425071001e+09
1.646304553524895906e+09
1.646304553624905109e+09
1.646304553724898100e+09
1.646304553825066090e+09
1.646304553925228119e+09
1.646304554025568008e+09
1.646304554126172066e+09
1.646304554226895094e+09
1.646304554327157021e+09
1.646304554427022934e+09
1.646304554526935101e+09
1.646304554627044916e+09
1.646304554727226019e+09
1.646304554826560020e+09
1.646304554925940990e+09
1.646304555025913954e+09
1.646304555126403093e+09
1.646304555227011919e+09
1.646304555327773094e+09
1.646304555428143978e+09
1.646304555527909040e+09
1.646304555626940012e+09
1.646304555725821018e+09
1.646304555824856043e+09
1.646304555924242020e+09
1.646304556024101019e+09
1.646304556123717070e+09
1.646304556223262072e+09
1.646304556323694944e+09
1.646304556424577951e+09
1.646304556525155067e+09
1.646304556625262022e+09
1.646304556725047112e+09
1.646304556824892044e+09
1.646304556925009966e+09
1.646304557025340080e+09
1.646304557125890017e+09
1.646304557226315022e+09
1.646304557326384068e+09
1.646304557426465988e+09
1.646304557526628017e+09
1.646304557626672029e+09
1.646304557726567030e+09
1.646304557826560974e+09
1.646304557926687002e+09
1.646304558026853085e+09
1.646304558126960039e+09
1.646304558226865053e+09
1.646304558326766968e+09
1.646304558426676035e+09
1.646304558526572943e+09
1.646304558626616955e+09
1.646304558726666927e+09
1.646304558826684952e+09
1.646304558926712036e+09
1.646304559026740074e+09
1.646304559126758099e+09
1.646304559226721048e+09
1.646304559326683998e+09
1.646304559426799059e+09
1.646304559526860952e+09
1.646304559626816034e+09
1.646304559726767063e+09
1.646304559826728106e+09
1.646304559926692009e+09
1.646304560026673079e+09
1.646304560126657963e+09
1.646304560226676941e+09
1.646304560326656103e+09
1.646304560426659107e+09
1.646304560526684999e+09
1.646304560626708031e+09
1.646304560726726055e+09
1.646304560826745033e+09
1.646304560926788092e+09
1.646304561026803970e+09
1.646304561126810074e+09
1.646304561226815939e+09
1.646304561326826096e+09
1.646304561426819086e+09
1.646304561526807070e+09
1.646304561626780987e+09
1.646304561726711035e+09
1.646304561826683998e+09
1.646304561926687002e+09
1.646304562026704073e+09
1.646304562126744032e+09
1.646304562226737022e+09
1.646304562326719046e+09
1.646304562426701069e+09
1.646304562526669979e+09
1.646304562626646996e+09
1.646304562726644993e+09
1.646304562826656103e+09
1.646304562926667929e+09
1.646304563026669025e+09
1.646304563126656055e+09
1.646304563226635933e+09
1.646304563326627970e+09
1.646304563426644087e+09
1.646304563526664019e+09
1.646304563626672029e+09
1.646304563726655960e+09
1.646304563826632977e+09
1.646304563926630974e+09
1.646304564026648045e+09
1.646304564126661062e+09
1.646304564226675987e+09
1.646304564326683044e+09
1.646304564426690102e+09
1.646304564526705027e+09
1.646304564626724005e+09
1.646304564726736069e+09
1.646304564826749086e+09
1.646304564926759005e+09
1.646304565026741028e+09
1.646304565126676083e+09
1.646304565226598978e+09
1.646304565326540947e+09
1.646304565426515102e+09
1.646304565526505947e+09
1.646304565626487970e+09
1.646304565726473093e+09
1.646304565826483011e+09
1.646304565926501036e+09
1.646304566026508093e+09
1.646304566126518011e+09
1.646304566226531982e+09
1.646304566326545000e+09
1.646304566426553011e+09
1.646304566526572943e+09
1.646304566626605034e+09
1.646304566726639032e+09
1.646304566826647043e+09
1.646304566925997019e+09
1.646304567025028944e+09
1.646304567124061108e+09
1.646304567223663092e+09
1.646304567323962927e+09
1.646304567424499035e+09
1.646304567524996042e+09
1.646304567625828028e+09
1.646304567727133989e+09
1.646304567828804016e+09
1.646304567929485083e+09
1.646304568028865099e+09
1.646304568126801014e+09
1.646304568224735022e+09
1.646304568323168993e+09
1.646304568422101974e+09
1.646304568521583080e+09
1.646304568621012926e+09
1.646304568720823050e+09
1.646304568821299076e+09
1.646304568922460079e+09
1.646304569023678064e+09
1.646304569124558926e+09
1.646304569224823952e+09
1.646304569324779034e+09
1.646304569424453974e+09
1.646304569524240017e+09
1.646304569623852968e+09
1.646304569723613024e+09
1.646304569823779106e+09
1.646304569924103022e+09
1.646304570024945021e+09
1.646304570125901937e+09
1.646304570226337910e+09
1.646304570326436043e+09
1.646304570426455021e+09
1.646304570526201010e+09
1.646304570625869989e+09
1.646304570725352049e+09
1.646304570824806929e+09
1.646304570925198078e+09
1.646304571025619984e+09
1.646304571126403093e+09
1.646304571227016926e+09
1.646304571327368021e+09
1.646304571427483082e+09
1.646304571526766062e+09
1.646304571625597000e+09
1.646304571724430084e+09
1.646304571823611021e+09
1.646304571922904968e+09
1.646304572023258924e+09
1.646304572124155045e+09
1.646304572225146055e+09
1.646304572325690985e+09
1.646304572426255941e+09
1.646304572526369095e+09
1.646304572626132965e+09
1.646304572725713015e+09
1.646304572825043917e+09
1.646304572924474001e+09
1.646304573024698019e+09
1.646304573125236034e+09
1.646304573226049900e+09
1.646304573327069044e+09
1.646304573427592039e+09
1.646304573527677059e+09
1.646304573626919985e+09
1.646304573725554943e+09
1.646304573823987007e+09
1.646304573922523022e+09
1.646304574021404028e+09
1.646304574121298075e+09
1.646304574221767902e+09
1.646304574323039055e+09
1.646304574424684048e+09
1.646304574525744915e+09
1.646304574626174927e+09
1.646304574726022005e+09
1.646304574825746059e+09
1.646304574925426006e+09
1.646304575025130033e+09
1.646304575124967098e+09
1.646304575225146055e+09
1.646304575325424910e+09
1.646304575426016092e+09
1.646304575526810884e+09
1.646304575627218008e+09
1.646304575726866961e+09
1.646304575826200008e+09
1.646304575925628901e+09
1.646304576025012016e+09
1.646304576124946117e+09
1.646304576225054026e+09
1.646304576325212002e+09
1.646304576425523043e+09
1.646304576525990009e+09
1.646304576626301050e+09
1.646304576726097107e+09
1.646304576825870037e+09
1.646304576925410032e+09
1.646304577024393082e+09
1.646304577123176098e+09
1.646304577223125935e+09
1.646304577324326038e+09
1.646304577426505089e+09
1.646304577528533936e+09
1.646304577629213095e+09
1.646304577727844000e+09
1.646304577825234890e+09
1.646304577923019886e+09
1.646304578021753073e+09
1.646304578121033907e+09
1.646304578220266104e+09
1.646304578320460081e+09
1.646304578421408892e+09
1.646304578522511005e+09
1.646304578623244047e+09
1.646304578723669052e+09
1.646304578824191093e+09
1.646304578924597025e+09
1.646304579024525881e+09
1.646304579124499083e+09
1.646304579224611044e+09
1.646304579324758053e+09
1.646304579424973011e+09
1.646304579525151014e+09
1.646304579625283003e+09
1.646304579725472927e+09
1.646304579825567007e+09
1.646304579925584078e+09
1.646304580025635004e+09
1.646304580125735998e+09
1.646304580225815058e+09
1.646304580325858116e+09
1.646304580425904036e+09
1.646304580525975943e+09
1.646304580626051903e+09
1.646304580726139069e+09
1.646304580826169014e+09
1.646304580926182032e+09
1.646304581026190996e+09
1.646304581126192093e+09
1.646304581226186037e+09
1.646304581326205015e+09
1.646304581426227093e+09
1.646304581526262045e+09
1.646304581626291037e+09
1.646304581726305008e+09
1.646304581826308012e+09
1.646304581926295996e+09
1.646304582026268005e+09
1.646304582126245022e+09
1.646304582226213932e+09
1.646304582326180935e+09
1.646304582426162004e+09
1.646304582526143074e+09
1.646304582626131058e+09
1.646304582726129055e+09
1.646304582826143026e+09
1.646304582926163912e+09
1.646304583026179075e+09
1.646304583126174927e+09
1.646304583226171017e+09
1.646304583326195002e+09
1.646304583426218033e+09
1.646304583526237011e+09
1.646304583626240015e+09
1.646304583726219893e+09
1.646304583826191902e+09
1.646304583926171064e+09
1.646304584026164055e+09
1.646304584126157999e+09
1.646304584226152897e+09
1.646304584326143026e+09
1.646304584426122904e+09
1.646304584526110888e+09
1.646304584626110077e+09
1.646304584726111889e+09
1.646304584826119900e+09
1.646304584926143885e+09
1.646304585026171923e+09
1.646304585126184940e+09
1.646304585226193905e+09
1.646304585326206923e+09
1.646304585426218033e+09
1.646304585526186943e+09
1.646304585626131058e+09
1.646304585726074934e+09
1.646304585826033115e+09
1.646304585926012039e+09
1.646304586026001930e+09
1.646304586126004934e+09
1.646304586226039886e+09
1.646304586326083899e+09
1.646304586426124096e+09
1.646304586526139021e+09
1.646304586626125097e+09
1.646304586726105928e+09
1.646304586826090097e+09
1.646304586926076889e+09
1.646304587026067019e+09
1.646304587126080036e+09
1.646304587226093054e+09
1.646304587326442003e+09
1.646304587427078009e+09
1.646304587527214050e+09
1.646304587626996994e+09
1.646304587726823092e+09
1.646304587826155901e+09
1.646304587925287008e+09
1.646304588024418116e+09
1.646304588123450994e+09
1.646304588222433090e+09
1.646304588321614027e+09
1.646304588421194077e+09
1.646304588521013975e+09
1.646304588621362925e+09
1.646304588722050905e+09
1.646304588822895050e+09
1.646304588923631907e+09
1.646304589024311066e+09
1.646304589125163078e+09
1.646304589225718975e+09
1.646304589325407028e+09
1.646304589425045013e+09
1.646304589524841070e+09
1.646304589624804020e+09
1.646304589724775076e+09
1.646304589825046062e+09
1.646304589925981045e+09
1.646304590026782036e+09
1.646304590126749992e+09
1.646304590226444006e+09
1.646304590325876951e+09
1.646304590425307035e+09
1.646304590524899006e+09
1.646304590624080896e+09
1.646304590723361015e+09
1.646304590823220015e+09
1.646304590923906088e+09
1.646304591025274038e+09
1.646304591126542091e+09
1.646304591226974010e+09
1.646304591327091932e+09
1.646304591426502943e+09
1.646304591525336027e+09
1.646304591624020100e+09
1.646304591722601891e+09
1.646304591821434021e+09
1.646304591921118021e+09
1.646304592021564007e+09
1.646304592122900009e+09
1.646304592224451065e+09
1.646304592325680017e+09
1.646304592426599026e+09
1.646304592526427031e+09
1.646304592625760078e+09
1.646304592724692106e+09
1.646304592823723078e+09
1.646304592922952890e+09
1.646304593023094893e+09
1.646304593123766899e+09
1.646304593224942923e+09
1.646304593325875998e+09
1.646304593426368952e+09
1.646304593526161909e+09
1.646304593625813961e+09
1.646304593725296021e+09
1.646304593824479103e+09
1.646304593923907042e+09
1.646304594023746014e+09
1.646304594123955011e+09
1.646304594224572897e+09
1.646304594325252056e+09
1.646304594425987959e+09
1.646304594526366949e+09
1.646304594626230955e+09
1.646304594725822926e+09
1.646304594825617075e+09
1.646304594925854921e+09
1.646304595026112080e+09
1.646304595126503944e+09
1.646304595226901054e+09
1.646304595327188015e+09
1.646304595426470041e+09
1.646304595525101900e+09
1.646304595623686075e+09
1.646304595721870899e+09
1.646304595820156097e+09
1.646304595919946909e+09
1.646304596020251036e+09
1.646304596120438099e+09
1.646304596220603943e+09
1.646304596321566105e+09
1.646304596422977924e+09
1.646304596524342060e+09
1.646304596625277996e+09
1.646304596725744009e+09
1.646304596825587034e+09
1.646304596925167084e+09
1.646304597024930000e+09
1.646304597124973059e+09
1.646304597225142002e+09
1.646304597325613022e+09
1.646304597426012039e+09
1.646304597526067019e+09
1.646304597625890970e+09
1.646304597725739002e+09
1.646304597825834036e+09
1.646304597925908089e+09
1.646304598025824070e+09
1.646304598125684977e+09
1.646304598225667953e+09
1.646304598325731993e+09
1.646304598425806999e+09
1.646304598525901079e+09
1.646304598625746012e+09
1.646304598725667000e+09
1.646304598825649977e+09
1.646304598925647020e+09
1.646304599025681973e+09
1.646304599125699043e+09
1.646304599225703955e+09
1.646304599325714111e+09
1.646304599425728083e+09
1.646304599525726080e+09
1.646304599625744104e+09
1.646304599725755930e+09
1.646304599825758934e+09
1.646304599925748110e+09
1.646304600025707006e+09
1.646304600125679970e+09
1.646304600225687027e+09
1.646304600325704098e+09
1.646304600425687075e+09
1.646304600525707006e+09
1.646304600625729084e+09
1.646304600725737095e+09
1.646304600825737953e+09
1.646304600925743103e+09
1.646304601025758028e+09
1.646304601125777006e+09
1.646304601225785971e+09
1.646304601325789928e+09
1.646304601425786018e+09
1.646304601525779963e+09
1.646304601625766039e+09
1.646304601725738049e+09
1.646304601825705051e+09
1.646304601925693035e+09
1.646304602025717974e+09
1.646304602125751019e+09
1.646304602225783110e+09
1.646304602325777054e+09
1.646304602425755024e+09
1.646304602525743008e+09
1.646304602625730038e+09
1.646304602725718021e+09
1.646304602825721025e+09
1.646304602925729036e+09
1.646304603025732040e+09
1.646304603125713110e+09
1.646304603225687981e+09
1.646304603325659990e+09
1.646304603425632954e+09
1.646304603525511980e+09
1.646304603625483036e+09
1.646304603725434065e+09
1.646304603825021029e+09
1.646304603924971104e+09
1.646304604025228024e+09
1.646304604124762058e+09
1.646304604224091053e+09
1.646304604323673010e+09
1.646304604423207045e+09
1.646304604523224115e+09
1.646304604623980999e+09
1.646304604725377083e+09
1.646304604826888084e+09
1.646304604927833080e+09
1.646304605027909994e+09
1.646304605127147913e+09
1.646304605225732088e+09
1.646304605324065924e+09
1.646304605422698975e+09
1.646304605521580935e+09
1.646304605620663881e+09
1.646304605719894886e+09
1.646304605819475889e+09
1.646304605919563055e+09
1.646304606020026922e+09
1.646304606121244907e+09
1.646304606223011017e+09
1.646304606324450016e+09
1.646304606424947977e+09
1.646304606524724960e+09
1.646304606624155045e+09
1.646304606723587036e+09
1.646304606823296070e+09
1.646304606923439026e+09
1.646304607024113894e+09
1.646304607124816895e+09
1.646304607225667953e+09
1.646304607326499939e+09
1.646304607426480055e+09
1.646304607525870085e+09
1.646304607625053883e+09
1.646304607724284887e+09
1.646304607823765993e+09
1.646304607923095942e+09
1.646304608022578001e+09
1.646304608122458935e+09
1.646304608222737074e+09
1.646304608323307037e+09
1.646304608424042940e+09
1.646304608524736881e+09
1.646304608625261068e+09
1.646304608725250006e+09
1.646304608825164080e+09
1.646304608924601078e+09
1.646304609024348021e+09
1.646304609124212027e+09
1.646304609224565983e+09
1.646304609325220108e+09
1.646304609425961018e+09
1.646304609526324034e+09
1.646304609626435041e+09
1.646304609725943089e+09
1.646304609824923992e+09
1.646304609923856020e+09
1.646304610022840023e+09
1.646304610122236967e+09
1.646304610222563982e+09
1.646304610323220015e+09
1.646304610424024105e+09
1.646304610524832964e+09
1.646304610625369072e+09
1.646304610725677013e+09
1.646304610825493097e+09
1.646304610924973011e+09
1.646304611024302959e+09
1.646304611123850107e+09
1.646304611223694086e+09
1.646304611323903084e+09
1.646304611424407959e+09
1.646304611524851084e+09
1.646304611625250101e+09
1.646304611725240946e+09
1.646304611825212002e+09
1.646304611925348043e+09
1.646304612025330067e+09
1.646304612125121117e+09
1.646304612224900007e+09
1.646304612324703932e+09
1.646304612424803019e+09
1.646304612524933100e+09
1.646304612625144005e+09
1.646304612725583076e+09
1.646304612826004982e+09
1.646304612925694942e+09
1.646304613025325060e+09
1.646304613125009060e+09
1.646304613224698067e+09
1.646304613324481964e+09
1.646304613424662113e+09
1.646304613524930954e+09
1.646304613625446081e+09
1.646304613726190090e+09
1.646304613826864004e+09
1.646304613926841974e+09
1.646304614025974035e+09
1.646304614124756098e+09
1.646304614223339081e+09
1.646304614322321892e+09
1.646304614421926975e+09
1.646304614521760941e+09
1.646304614621572971e+09
1.646304614721324921e+09
1.646304614821763039e+09
1.646304614922785997e+09
1.646304615023252010e+09
1.646304615123446941e+09
1.646304615223618031e+09
1.646304615323549032e+09
1.646304615423351049e+09
1.646304615523643017e+09
1.646304615624167919e+09
1.646304615724431992e+09
1.646304615824702978e+09
1.646304615924860001e+09
1.646304616024797916e+09
1.646304616124830008e+09
1.646304616224899054e+09
1.646304616324806929e+09
1.646304616424813986e+09
1.646304616524940014e+09
1.646304616625041962e+09
1.646304616725167036e+09
1.646304616825299978e+09
1.646304616925400972e+09
1.646304617025496006e+09
1.646304617125685930e+09
1.646304617225522041e+09
1.646304617325103045e+09
1.646304617424706936e+09
1.646304617524734020e+09
1.646304617624821901e+09
1.646304617724874020e+09
1.646304617824899912e+09
1.646304617924923897e+09
1.646304618024972916e+09
1.646304618125010014e+09
1.646304618225070000e+09
1.646304618325103045e+09
1.646304618425122976e+09
1.646304618525146008e+09
1.646304618625173092e+09
1.646304618725222111e+09
1.646304618825221062e+09
1.646304618925224066e+09
1.646304619025202990e+09
1.646304619125185013e+09
1.646304619225178003e+09
1.646304619325196981e+09
1.646304619425185919e+09
1.646304619525192022e+09
1.646304619625211954e+09
1.646304619725229979e+09
1.646304619825238943e+09
1.646304619925230026e+09
1.646304620025214911e+09
1.646304620125216007e+09
1.646304620225233078e+09
1.646304620325242996e+09
1.646304620425234079e+09
1.646304620525213003e+09
1.646304620625188112e+09
1.646304620725183010e+09
1.646304620825200081e+09
1.646304620925218105e+09
1.646304621025237083e+09
1.646304621125257969e+09
1.646304621225274086e+09
1.646304621325270891e+09
1.646304621425249100e+09
1.646304621525254965e+09
1.646304621625267029e+09
1.646304621725259066e+09
1.646304621825222969e+09
1.646304621925173998e+09
1.646304622025150061e+09
1.646304622125164032e+09
1.646304622225188971e+09
1.646304622325201035e+09
1.646304622425206900e+09
1.646304622525208950e+09
1.646304622625219107e+09
1.646304622725239992e+09
1.646304622825263977e+09
1.646304622925260067e+09
1.646304623024785042e+09
1.646304623123816967e+09
1.646304623223099947e+09
1.646304623322896004e+09
1.646304623423032045e+09
1.646304623523572922e+09
1.646304623624644995e+09
1.646304623726080894e+09
1.646304623827028990e+09
1.646304623926768064e+09
1.646304624025649071e+09
1.646304624124433041e+09
1.646304624223565102e+09
1.646304624323307037e+09
1.646304624423432112e+09
1.646304624523772955e+09
1.646304624623994112e+09
1.646304624724102020e+09
1.646304624823837996e+09
1.646304624923371077e+09
1.646304625023142099e+09
1.646304625122842073e+09
1.646304625222557068e+09
1.646304625322386026e+09
1.646304625422175884e+09
1.646304625521950006e+09
1.646304625621757984e+09
1.646304625722234011e+09
1.646304625822961092e+09
1.646304625923609018e+09
1.646304626024265051e+09
1.646304626124685049e+09
1.646304626225053072e+09
1.646304626325018883e+09
1.646304626424700022e+09
1.646304626524329901e+09
1.646304626624011040e+09
1.646304626723897934e+09
1.646304626824311018e+09
1.646304626924962997e+09
1.646304627025660038e+09
1.646304627126240969e+09
1.646304627226336002e+09
1.646304627326102972e+09
1.646304627425287008e+09
1.646304627523919106e+09
1.646304627622404099e+09
1.646304627721235037e+09
1.646304627820616007e+09
1.646304627920649052e+09
1.646304628021090031e+09
1.646304628122087002e+09
1.646304628223294973e+09
1.646304628324111938e+09
1.646304628424715042e+09
1.646304628524904966e+09
1.646304628624541044e+09
1.646304628723823071e+09
1.646304628823203087e+09
1.646304628922832966e+09
1.646304629022711992e+09
1.646304629123284101e+09
1.646304629224193096e+09
1.646304629325160980e+09
1.646304629425852060e+09
1.646304629525892019e+09
1.646304629625674963e+09
1.646304629725162029e+09
1.646304629824094057e+09
1.646304629922729015e+09
1.646304630021712065e+09
1.646304630121511936e+09
1.646304630222047091e+09
1.646304630323018074e+09
1.646304630424015999e+09
1.646304630524641037e+09
1.646304630625266075e+09
1.646304630725591898e+09
1.646304630825015068e+09
1.646304630923947096e+09
1.646304631022880077e+09
1.646304631122528076e+09
1.646304631222970009e+09
1.646304631323276043e+09
1.646304631423830032e+09
1.646304631524655104e+09
1.646304631625169039e+09
1.646304631725524902e+09
1.646304631825182915e+09
1.646304631924113035e+09
1.646304632023294926e+09
1.646304632122675896e+09
1.646304632222057104e+09
1.646304632322218895e+09
1.646304632422508955e+09
1.646304632523065090e+09
1.646304632623912096e+09
1.646304632724618912e+09
1.646304632824809074e+09
1.646304632924976110e+09
1.646304633024701118e+09
1.646304633124356985e+09
1.646304633223737001e+09
1.646304633323117971e+09
1.646304633422935963e+09
1.646304633523426056e+09
1.646304633624207020e+09
1.646304633724961996e+09
1.646304633825629950e+09
1.646304633925894976e+09
1.646304634025917053e+09
1.646304634125319958e+09
1.646304634224400997e+09
1.646304634323431969e+09
1.646304634422265053e+09
1.646304634521667957e+09
1.646304634621711969e+09
1.646304634722268105e+09
1.646304634823240995e+09
1.646304634924312115e+09
1.646304635024899006e+09
1.646304635125231028e+09
1.646304635225143909e+09
1.646304635324939013e+09
1.646304635424698114e+09
1.646304635524131060e+09
1.646304635623800993e+09
1.646304635723454952e+09
1.646304635823473930e+09
1.646304635923866034e+09
1.646304636024363995e+09
1.646304636124629021e+09
1.646304636224653959e+09
1.646304636324332952e+09
1.646304636423811913e+09
1.646304636523092985e+09
1.646304636622812033e+09
1.646304636723004103e+09
1.646304636823585033e+09
1.646304636924170971e+09
1.646304637024933100e+09
1.646304637124999046e+09
1.646304637224380016e+09
1.646304637323658943e+09
1.646304637423443079e+09
1.646304637523973942e+09
1.646304637624716043e+09
1.646304637725214005e+09
1.646304637825017929e+09
1.646304637924499035e+09
1.646304638023781061e+09
1.646304638124032974e+09
1.646304638225008011e+09
1.646304638325757980e+09
1.646304638425606966e+09
1.646304638524985075e+09
1.646304638624464989e+09
1.646304638723845005e+09
1.646304638823225975e+09
1.646304638922758102e+09
1.646304639022460938e+09
1.646304639122489929e+09
1.646304639222831964e+09
1.646304639322833061e+09
1.646304639423067093e+09
1.646304639523777008e+09
1.646304639624054909e+09
1.646304639723927021e+09
1.646304639824122906e+09
1.646304639924541950e+09
1.646304640024684906e+09
1.646304640124696970e+09
1.646304640224570036e+09
1.646304640324484110e+09
1.646304640424485922e+09
1.646304640524483919e+09
1.646304640624455929e+09
1.646304640724467039e+09
1.646304640824491024e+09
1.646304640924537897e+09
1.646304641024557114e+09
1.646304641124619961e+09
1.646304641224675894e+09
1.646304641324697971e+09
1.646304641424684048e+09
1.646304641524684906e+09
1.646304641624703884e+09
1.646304641724740028e+09
1.646304641824749947e+09
1.646304641924741030e+09
1.646304642024734020e+09
1.646304642124732018e+09
1.646304642224704027e+09
1.646304642324677944e+09
1.646304642424664021e+09
1.646304642524650097e+09
1.646304642624608040e+09
1.646304642724631071e+09
1.646304642824650049e+09
1.646304642924674034e+09
1.646304643024702072e+09
1.646304643124703884e+09
1.646304643224678993e+09
1.646304643324657917e+09
1.646304643424649954e+09
1.646304643524658918e+09
1.646304643624656916e+09
1.646304643724646091e+09
1.646304643824639082e+09
1.646304643924635887e+09
1.646304644024643898e+09
1.646304644124651909e+09
1.646304644224659920e+09
1.646304644324676037e+09
1.646304644424688101e+09
1.646304644524688959e+09
1.646304644624667883e+09
1.646304644724649906e+09
1.646304644824632883e+09
1.646304644924607038e+09
1.646304645024571896e+09
1.646304645124548912e+09
1.646304645224550962e+09
1.646304645324573040e+09
1.646304645424592972e+09
1.646304645524604082e+09
1.646304645624809027e+09
1.646304645725334883e+09
1.646304645825352907e+09
1.646304645925067902e+09
1.646304646024768114e+09
1.646304646124470949e+09
1.646304646224315882e+09
1.646304646323858976e+09
1.646304646423141003e+09
1.646304646522521973e+09
1.646304646622180939e+09
1.646304646722126007e+09
1.646304646822196960e+09
1.646304646922444105e+09
1.646304647022789955e+09
1.646304647123497009e+09
1.646304647223953009e+09
1.646304647324373007e+09
1.646304647424510956e+09
1.646304647524410009e+09
1.646304647624164104e+09
1.646304647723644018e+09
1.646304647823024035e+09
1.646304647922307014e+09
1.646304648022238016e+09
1.646304648122971058e+09
1.646304648223774910e+09
1.646304648324498892e+09
1.646304648425168037e+09
1.646304648525501013e+09
1.646304648625297070e+09
1.646304648724776030e+09
1.646304648823959112e+09
1.646304648923239946e+09
1.646304649022371054e+09
1.646304649121853113e+09
1.646304649221997023e+09
1.646304649322539091e+09
1.646304649423015118e+09
1.646304649523505926e+09
1.646304649623938084e+09
1.646304649724391937e+09
1.646304649824697018e+09
1.646304649924700022e+09
1.646304650024132013e+09
1.646304650123366117e+09
1.646304650222846031e+09
1.646304650322880983e+09
1.646304650423362970e+09
1.646304650524297953e+09
1.646304650625327110e+09
1.646304650725676060e+09
1.646304650825368881e+09
1.646304650924449921e+09
1.646304651023283005e+09
1.646304651121917009e+09
1.646304651220846891e+09
1.646304651320586920e+09
1.646304651421036005e+09
1.646304651521363974e+09
1.646304651621701002e+09
1.646304651722259045e+09
1.646304651822834015e+09
1.646304651923337936e+09
1.646304652023416042e+09
1.646304652123394012e+09
1.646304652223412991e+09
1.646304652323303938e+09
1.646304652423110008e+09
1.646304652523066044e+09
1.646304652623333931e+09
1.646304652723906040e+09
1.646304652824538946e+09
1.646304652925044060e+09
1.646304653025115013e+09
1.646304653124969006e+09
1.646304653224452019e+09
1.646304653323781967e+09
1.646304653423386097e+09
1.646304653523356915e+09
1.646304653623617887e+09
1.646304653723915100e+09
1.646304653823894024e+09
1.646304653923737049e+09
1.646304654023737907e+09
1.646304654123555899e+09
1.646304654223088026e+09
1.646304654322890997e+09
1.646304654422919035e+09
1.646304654523175001e+09
1.646304654623270035e+09
1.646304654723661900e+09
1.646304654824352980e+09
1.646304654924397945e+09
1.646304655024178028e+09
1.646304655124099016e+09
1.646304655224160910e+09
1.646304655324369907e+09
1.646304655424494982e+09
1.646304655524507999e+09
1.646304655624423027e+09
1.646304655724225998e+09
1.646304655823990107e+09
1.646304655923722029e+09
1.646304656023648024e+09
1.646304656123883009e+09
1.646304656224112988e+09
1.646304656324316978e+09
1.646304656424263000e+09
1.646304656523967028e+09
1.646304656623673916e+09
1.646304656723054886e+09
1.646304656822982073e+09
1.646304656923909903e+09
1.646304657024808884e+09
1.646304657125336885e+09
1.646304657225259066e+09
1.646304657324589014e+09
1.646304657423871040e+09
1.646304657523350954e+09
1.646304657622781038e+09
1.646304657722163916e+09
1.646304657822096109e+09
1.646304657922478914e+09
1.646304658022834063e+09
1.646304658122982025e+09
1.646304658223000050e+09
1.646304658322921038e+09
1.646304658423072100e+09
1.646304658523282051e+09
1.646304658623450041e+09
1.646304658723505020e+09
1.646304658823586941e+09
1.646304658923722029e+09
1.646304659023883104e+09
1.646304659123872042e+09
1.646304659223853111e+09
1.646304659323853016e+09
1.646304659423871040e+09
1.646304659523931026e+09
1.646304659624005079e+09
1.646304659724050045e+09
1.646304659824081898e+09
1.646304659924267054e+09
1.646304660024192095e+09
1.646304660124017000e+09
1.646304660224098921e+09
1.646304660324274063e+09
1.646304660424292088e+09
1.646304660524239063e+09
1.646304660624176025e+09
1.646304660724128008e+09
1.646304660824105024e+09
1.646304660924101114e+09
1.646304661024105072e+09
1.646304661124102116e+09
1.646304661224045038e+09
1.646304661324136019e+09
1.646304661424221992e+09
1.646304661524379015e+09
1.646304661624358892e+09
1.646304661724164009e+09
1.646304661824043036e+09
1.646304661924021006e+09
1.646304662024032116e+09
1.646304662124034882e+09
1.646304662224028111e+09
1.646304662324018002e+09
1.646304662424006939e+09
1.646304662523969889e+09
1.646304662624017000e+09
1.646304662724081039e+09
1.646304662824115038e+09
1.646304662924117088e+09
1.646304663024113894e+09
1.646304663124121904e+09
1.646304663224134922e+09
1.646304663324150085e+09
1.646304663424160004e+09
1.646304663524174929e+09
1.646304663624164104e+09
1.646304663724132061e+09
1.646304663824110031e+09
1.646304663924115896e+09
1.646304664024136066e+09
1.646304664124154091e+09
1.646304664224155903e+09
1.646304664324145079e+09
1.646304664424135923e+09
1.646304664524147034e+09
1.646304664624155045e+09
1.646304664724159002e+09
1.646304664824151039e+09
1.646304664924139023e+09
1.646304665024132013e+09
1.646304665124108076e+09
1.646304665224076033e+09
1.646304665324074030e+09
1.646304665424089909e+09
1.646304665524085045e+09
1.646304665624057055e+09
1.646304665724033117e+09
1.646304665824045897e+09
1.646304665924077034e+09
1.646304666024087906e+09
1.646304666124089003e+09
1.646304666224081039e+09
1.646304666324089050e+09
1.646304666424109936e+09
1.646304666524139881e+09
1.646304666624162912e+09
1.646304666724144936e+09
1.646304666824115038e+09
1.646304666924078941e+09
1.646304667024041891e+09
1.646304667124011993e+09
1.646304667223999023e+09
