1.646304372131525040e+09
1.646304372231550932e+09
1.646304372331581116e+09
1.646304372431586027e+09
1.646304372531569004e+09
1.646304372631556034e+09
1.646304372731542110e+09
1.646304372831533909e+09
1.646304372931515932e+09
1.646304373031495094e+09
1.646304373131491899e+09
1.646304373231499910e+09
1.646304373331516027e+09
1.646304373431535959e+09
1.646304373531548023e+09
1.646304373631536007e+09
1.646304373731513023e+09
1.646304373831485033e+09
1.646304373931457043e+09
1.646304374031440020e+09
1.646304374131443024e+09
1.646304374231458902e+09
1.646304374331482887e+09
1.646304374431504965e+09
1.646304374531502962e+09
1.646304374631484032e+09
1.646304374731487989e+09
1.646304374831490040e+09
1.646304374931478024e+09
1.646304375031464100e+09
1.646304375131465912e+09
1.646304375231467962e+09
1.646304375331470013e+09
1.646304375431468010e+09
1.646304375531455040e+09
1.646304375631448030e+09
1.646304375731457949e+09
1.646304375831480980e+09
1.646304375931514978e+09
1.646304376031538963e+09
1.646304376131530046e+09
1.646304376231482029e+09
1.646304376331418991e+09
1.646304376431375027e+09
1.646304376531333923e+09
1.646304376631305933e+09
1.646304376731297016e+09
1.646304376831326008e+09
1.646304376931365013e+09
1.646304377031388044e+09
1.646304377131417036e+09
1.646304377231432915e+09
1.646304377331449032e+09
1.646304377431464911e+09
1.646304377531424999e+09
1.646304377631067038e+09
1.646304377731312037e+09
1.646304377831779003e+09
1.646304377931763887e+09
1.646304378031527042e+09
1.646304378131273031e+09
1.646304378230931997e+09
1.646304378330562115e+09
1.646304378430313110e+09
1.646304378530458927e+09
1.646304378631021023e+09
1.646304378731251955e+09
1.646304378831017971e+09
1.646304378930685997e+09
1.646304379030630112e+09
1.646304379130456924e+09
1.646304379230319023e+09
1.646304379330348015e+09
1.646304379430649042e+09
1.646304379531095982e+09
1.646304379631382942e+09
1.646304379731745005e+09
1.646304379832006931e+09
1.646304379931915998e+09
1.646304380031099081e+09
1.646304380130578995e+09
1.646304380230061054e+09
1.646304380329540014e+09
1.646304380429265022e+09
1.646304380529541016e+09
1.646304380629826069e+09
1.646304380730467081e+09
1.646304380831120014e+09
1.646304380931545973e+09
1.646304381031461000e+09
1.646304381131100893e+09
1.646304381230755091e+09
1.646304381330185890e+09
1.646304381429725885e+09
1.646304381529567003e+09
1.646304381629981041e+09
1.646304381730273008e+09
1.646304381830912113e+09
1.646304381931591034e+09
1.646304382031994104e+09
1.646304382131525993e+09
1.646304382231008053e+09
1.646304382330549002e+09
1.646304382429831028e+09
1.646304382529313087e+09
1.646304382629417896e+09
1.646304382729954958e+09
1.646304382830579042e+09
1.646304382931463003e+09
1.646304383031975031e+09
1.646304383131884098e+09
1.646304383231314898e+09
1.646304383330794096e+09
1.646304383429727077e+09
1.646304383528908014e+09
1.646304383628580093e+09
1.646304383728800058e+09
1.646304383829299927e+09
1.646304383930522919e+09
1.646304384031697035e+09
1.646304384132076025e+09
1.646304384231564045e+09
1.646304384330945015e+09
1.646304384429927111e+09
1.646304384528858900e+09
1.646304384628592014e+09
1.646304384728974104e+09
1.646304384829519033e+09
1.646304384930139065e+09
1.646304385030316114e+09
1.646304385130485058e+09
1.646304385230673075e+09
1.646304385330646992e+09
1.646304385430340052e+09
1.646304385530044079e+09
1.646304385630135059e+09
1.646304385730485916e+09
1.646304385830594063e+09
1.646304385930680037e+09
1.646304386030894995e+09
1.646304386131249905e+09
1.646304386231369019e+09
1.646304386331384897e+09
1.646304386431088924e+09
1.646304386530769110e+09
1.646304386630541086e+09
1.646304386730489016e+09
1.646304386830676079e+09
1.646304386930798054e+09
1.646304387031179905e+09
1.646304387131767035e+09
1.646304387231909037e+09
1.646304387331465960e+09
1.646304387430598021e+09
1.646304387530030012e+09
1.646304387629698992e+09
1.646304387729418993e+09
1.646304387829452038e+09
1.646304387929611921e+09
1.646304388029886007e+09
1.646304388129851103e+09
1.646304388230173111e+09
1.646304388330223083e+09
1.646304388430344105e+09
1.646304388530769110e+09
1.646304388630919933e+09
1.646304388731096029e+09
1.646304388831497908e+09
1.646304388931632042e+09
1.646304389031162977e+09
1.646304389130295038e+09
1.646304389229937077e+09
1.646304389330008984e+09
1.646304389430083036e+09
1.646304389530138016e+09
1.646304389630259991e+09
1.646304389730432987e+09
1.646304389830641985e+09
1.646304389930752993e+09
1.646304390030698061e+09
1.646304390130590916e+09
1.646304390230609894e+09
1.646304390330766916e+09
1.646304390430840969e+09
1.646304390530889034e+09
1.646304390630970955e+09
1.646304390731014013e+09
1.646304390831012964e+09
1.646304390931005001e+09
1.646304391031002998e+09
1.646304391131000042e+09
1.646304391231015921e+09
1.646304391331043005e+09
1.646304391431052923e+09
1.646304391531064987e+09
1.646304391631098032e+09
1.646304391731162071e+09
1.646304391831068993e+09
1.646304391930974960e+09
1.646304392030945063e+09
1.646304392130948067e+09
1.646304392230957985e+09
1.646304392330957890e+09
1.646304392430906057e+09
1.646304392530983925e+09
1.646304392631098032e+09
1.646304392731287003e+09
1.646304392831114054e+09
1.646304392930927992e+09
1.646304393030806065e+09
1.646304393130724907e+09
1.646304393230721951e+09
1.646304393330754042e+09
1.646304393430808067e+09
1.646304393530869007e+09
1.646304393630882978e+09
1.646304393730875969e+09
1.646304393830864906e+09
1.646304393930877924e+09
1.646304394030901909e+09
1.646304394130928040e+09
1.646304394230931044e+09
1.646304394330930948e+09
1.646304394430938005e+09
1.646304394530951977e+09
1.646304394630970001e+09
1.646304394730988026e+09
1.646304394831003904e+09
1.646304394931006908e+09
1.646304395030997038e+09
1.646304395130975008e+09
1.646304395230956078e+09
1.646304395330961943e+09
1.646304395430978060e+09
1.646304395530991077e+09
1.646304395630991936e+09
1.646304395730987072e+09
1.646304395830990076e+09
1.646304395930989027e+09
1.646304396030968904e+09
1.646304396130950928e+09
1.646304396230937004e+09
1.646304396330924034e+09
1.646304396430908918e+09
1.646304396530890942e+09
1.646304396630876064e+09
1.646304396730854988e+09
1.646304396830832005e+09
1.646304396930813074e+09
1.646304397030817032e+09
1.646304397130847931e+09
1.646304397230885983e+09
1.646304397330905914e+09
1.646304397430922031e+09
1.646304397530936003e+09
1.646304397630940914e+09
1.646304397730947018e+09
1.646304397830944061e+09
1.646304397930954933e+09
1.646304398030972958e+09
1.646304398130971909e+09
1.646304398230936050e+09
1.646304398330884933e+09
1.646304398430850029e+09
1.646304398530838013e+09
1.646304398630831957e+09
1.646304398730835915e+09
1.646304398830842018e+09
1.646304398930851936e+09
1.646304399030859947e+09
1.646304399130862951e+09
1.646304399230851889e+09
1.646304399330842018e+09
1.646304399430830002e+09
1.646304399530811071e+09
1.646304399630826950e+09
1.646304399730792046e+09
1.646304399830909014e+09
1.646304399930947065e+09
1.646304400030647993e+09
1.646304400130321026e+09
1.646304400229804039e+09
1.646304400329086065e+09
1.646304400428688049e+09
1.646304400529041052e+09
1.646304400629719973e+09
1.646304400730226040e+09
1.646304400830821037e+09
1.646304400931484938e+09
1.646304401031991005e+09
1.646304401132209063e+09
1.646304401231503010e+09
1.646304401330035925e+09
1.646304401428869009e+09
1.646304401528100014e+09
1.646304401627695084e+09
1.646304401727617025e+09
1.646304401827956915e+09
1.646304401928852081e+09
1.646304402029956102e+09
1.646304402130836010e+09
1.646304402230953932e+09
1.646304402330533028e+09
1.646304402430092096e+09
1.646304402529222965e+09
1.646304402628504038e+09
1.646304402728631020e+09
1.646304402829010010e+09
1.646304402929687977e+09
1.646304403031080008e+09
1.646304403131886005e+09
1.646304403231224060e+09
1.646304403330353975e+09
1.646304403429137945e+09
1.646304403527771950e+09
1.646304403627053022e+09
1.646304403727293015e+09
1.646304403827636003e+09
1.646304403928755045e+09
1.646304404030251026e+09
1.646304404130892038e+09
1.646304404230608940e+09
1.646304404330518961e+09
1.646304404429974079e+09
1.646304404529402971e+09
1.646304404629272938e+09
1.646304404729655027e+09
1.646304404829931021e+09
1.646304404930959940e+09
1.646304405031577110e+09
1.646304405131082058e+09
1.646304405229963064e+09
1.646304405329544067e+09
1.646304405428874016e+09
1.646304405528501034e+09
1.646304405628741026e+09
1.646304405729132891e+09
1.646304405829571009e+09
1.646304405930397034e+09
1.646304406031116009e+09
1.646304406130975008e+09
1.646304406230206013e+09
1.646304406329735041e+09
1.646304406428915024e+09
1.646304406528455019e+09
1.646304406628851891e+09
1.646304406729317904e+09
1.646304406829859018e+09
1.646304406930802107e+09
1.646304407031371117e+09
1.646304407131227970e+09
1.646304407230561018e+09
1.646304407329942942e+09
1.646304407429074049e+09
1.646304407528503895e+09
1.646304407628324986e+09
1.646304407728621960e+09
1.646304407829344034e+09
1.646304407930361032e+09
1.646304408030927896e+09
1.646304408130964041e+09
1.646304408230602026e+09
1.646304408330132961e+09
1.646304408429563999e+09
1.646304408529114008e+09
1.646304408629018068e+09
1.646304408729058027e+09
1.646304408829344034e+09
1.646304408929934025e+09
1.646304409030559063e+09
1.646304409130872965e+09
1.646304409230839014e+09
1.646304409330589056e+09
1.646304409430068970e+09
1.646304409529602051e+09
1.646304409629404068e+09
1.646304409729532003e+09
1.646304409829828024e+09
1.646304409930223942e+09
1.646304410030462027e+09
1.646304410130763054e+09
1.646304410231064081e+09
1.646304410330919027e+09
1.646304410430547953e+09
1.646304410530267000e+09
1.646304410629745007e+09
1.646304410729598999e+09
1.646304410829967976e+09
1.646304410930531025e+09
1.646304411031107903e+09
1.646304411130958080e+09
1.646304411230189085e+09
1.646304411329121113e+09
1.646304411428915024e+09
1.646304411528682947e+09
1.646304411628014088e+09
1.646304411728199959e+09
1.646304411828381062e+09
1.646304411928683043e+09
1.646304412029869080e+09
1.646304412130903006e+09
1.646304412231353045e+09
1.646304412330986977e+09
1.646304412430268049e+09
1.646304412529798985e+09
1.646304412629453897e+09
1.646304412729367971e+09
1.646304412829293013e+09
1.646304412929059029e+09
1.646304413029042006e+09
1.646304413129205942e+09
1.646304413229397058e+09
1.646304413329577923e+09
1.646304413429721117e+09
1.646304413529831886e+09
1.646304413629903078e+09
1.646304413729983091e+09
1.646304413830049992e+09
1.646304413930131912e+09
1.646304414030173063e+09
1.646304414130239010e+09
1.646304414230292082e+09
1.646304414330312014e+09
1.646304414430330992e+09
1.646304414530371904e+09
1.646304414630418062e+09
1.646304414730449915e+09
1.646304414830456972e+09
1.646304414930455923e+09
1.646304415030436039e+09
1.646304415130434036e+09
1.646304415230439901e+09
1.646304415330451965e+09
1.646304415430475950e+09
1.646304415530489922e+09
1.646304415630481005e+09
1.646304415730458021e+09
1.646304415830449104e+09
1.646304415930464983e+09
1.646304416030478001e+09
1.646304416130472898e+09
1.646304416230465889e+09
1.646304416330468893e+09
1.646304416430478096e+09
1.646304416530467033e+09
1.646304416630454063e+09
1.646304416730437040e+09
1.646304416830415010e+09
1.646304416930392981e+09
1.646304417030375004e+09
1.646304417130367994e+09
1.646304417230366945e+09
1.646304417330363989e+09
1.646304417430351019e+09
1.646304417530337095e+09
1.646304417630331039e+09
1.646304417730338097e+09
1.646304417830355883e+09
1.646304417930372000e+09
1.646304418030371904e+09
1.646304418130361080e+09
1.646304418230350971e+09
1.646304418330353975e+09
1.646304418430372000e+09
1.646304418530402899e+09
1.646304418630422115e+09
1.646304418730422020e+09
1.646304418830399036e+09
1.646304418930375099e+09
1.646304419030363083e+09
1.646304419130362034e+09
1.646304419230376959e+09
1.646304419330379009e+09
1.646304419430372953e+09
1.646304419530364990e+09
1.646304419630347013e+09
1.646304419730341911e+09
1.646304419830338955e+09
1.646304419930341005e+09
1.646304420030344009e+09
1.646304420130340099e+09
1.646304420230340004e+09
1.646304420330348969e+09
1.646304420430360079e+09
1.646304420530355930e+09
1.646304420630340099e+09
1.646304420730315924e+09
1.646304420830315113e+09
1.646304420930332899e+09
1.646304421030337095e+09
1.646304421130337000e+09
1.646304421230331898e+09
1.646304421330327034e+09
1.646304421430318117e+09
1.646304421530303001e+09
1.646304421630307913e+09
1.646304421730329037e+09
1.646304421830359936e+09
1.646304421930370092e+09
1.646304422030368090e+09
1.646304422130731106e+09
1.646304422231125116e+09
1.646304422331096888e+09
1.646304422431006908e+09
1.646304422530554056e+09
1.646304422629684925e+09
1.646304422728616953e+09
1.646304422828047037e+09
1.646304422927628040e+09
1.646304423027252913e+09
1.646304423127192974e+09
1.646304423227355957e+09
1.646304423328048944e+09
1.646304423428641081e+09
1.646304423529232025e+09
1.646304423629565001e+09
1.646304423729625940e+09
1.646304423829454899e+09
1.646304423929229021e+09
1.646304424029177904e+09
1.646304424128408909e+09
1.646304424227988005e+09
1.646304424327944040e+09
1.646304424427792072e+09
1.646304424527925968e+09
1.646304424628206015e+09
1.646304424728744030e+09
1.646304424829396009e+09
1.646304424930568933e+09
1.646304425031789064e+09
1.646304425131957054e+09
1.646304425230791092e+09
1.646304425329225063e+09
1.646304425427757978e+09
1.646304425526540041e+09
1.646304425625821114e+09
1.646304425726022005e+09
1.646304425826903105e+09
1.646304425928040028e+09
1.646304426029086113e+09
1.646304426129827023e+09
1.646304426230006933e+09
1.646304426329833984e+09
1.646304426429451942e+09
1.646304426528584003e+09
1.646304426628164053e+09
1.646304426728168011e+09
1.646304426828541994e+09
1.646304426929032087e+09
1.646304427029903889e+09
1.646304427130753994e+09
1.646304427231017113e+09
1.646304427330408096e+09
1.646304427429688931e+09
1.646304427528919935e+09
1.646304427628001928e+09
1.646304427727432013e+09
1.646304427827356100e+09
1.646304427927774906e+09
1.646304428028795004e+09
1.646304428130122900e+09
1.646304428231026888e+09
1.646304428330789089e+09
1.646304428429869890e+09
1.646304428528953075e+09
1.646304428627784014e+09
1.646304428726965904e+09
1.646304428826561928e+09
1.646304428926978111e+09
1.646304429027671099e+09
1.646304429128894091e+09
1.646304429230073929e+09
1.646304429330729008e+09
1.646304429430270910e+09
1.646304429529800892e+09
1.646304429629183054e+09
1.646304429728564024e+09
1.646304429828180075e+09
1.646304429928334951e+09
1.646304430028752089e+09
1.646304430129359007e+09
1.646304430230139017e+09
1.646304430330430031e+09
1.646304430430460930e+09
1.646304430529978991e+09
1.646304430629261971e+09
1.646304430728744030e+09
1.646304430828322887e+09
1.646304430928183079e+09
1.646304431028350115e+09
1.646304431128787994e+09
1.646304431229366064e+09
1.646304431329958916e+09
1.646304431430404902e+09
1.646304431530565023e+09
1.646304431630378008e+09
1.646304431729963064e+09
1.646304431829442978e+09
1.646304431929071903e+09
1.646304432028841972e+09
1.646304432128698111e+09
1.646304432228524923e+09
1.646304432328372955e+09
1.646304432428239107e+09
1.646304432528152943e+09
1.646304432627593040e+09
1.646304432727463007e+09
1.646304432829735041e+09
1.646304432931370020e+09
1.646304433031440020e+09
1.646304433130274057e+09
1.646304433228857040e+09
1.646304433327939034e+09
1.646304433427370071e+09
1.646304433527198076e+09
1.646304433627306938e+09
1.646304433727628946e+09
1.646304433828206062e+09
1.646304433928473949e+09
1.646304434028459072e+09
1.646304434128484011e+09
1.646304434228600025e+09
1.646304434328788042e+09
1.646304434428961992e+09
1.646304434528990984e+09
1.646304434629048109e+09
1.646304434729332924e+09
1.646304434829519033e+09
1.646304434929589033e+09
1.646304435029619932e+09
1.646304435129678011e+09
1.646304435229728937e+09
1.646304435329771042e+09
1.646304435429800034e+09
1.646304435529818058e+09
1.646304435629811049e+09
1.646304435729701042e+09
1.646304435829555988e+09
1.646304435929873943e+09
1.646304436030097961e+09
1.646304436130026102e+09
1.646304436229912043e+09
1.646304436329829931e+09
1.646304436429765940e+09
1.646304436529819012e+09
1.646304436629918098e+09
1.646304436729763031e+09
1.646304436829664946e+09
1.646304436929508924e+09
1.646304437029530048e+09
1.646304437129961967e+09
1.646304437229974985e+09
1.646304437329870939e+09
1.646304437429800034e+09
1.646304437529716015e+09
1.646304437629667044e+09
1.646304437729742050e+09
1.646304437829822063e+09
1.646304437929862976e+09
1.646304438029875994e+09
1.646304438129882097e+09
1.646304438229876995e+09
1.646304438329865932e+09
1.646304438429872036e+09
1.646304438529890060e+09
1.646304438629914999e+09
1.646304438729923964e+09
1.646304438829914093e+09
1.646304438929883003e+09
1.646304439029855013e+09
1.646304439129848003e+09
1.646304439229834080e+09
1.646304439329823017e+09
1.646304439429824114e+09
1.646304439529814005e+09
1.646304439629801989e+09
1.646304439729789019e+09
1.646304439829777956e+09
1.646304439929775953e+09
1.646304440029783010e+09
1.646304440129781008e+09
1.646304440229789019e+09
1.646304440329817057e+09
1.646304440429847956e+09
1.646304440529860973e+09
1.646304440629848003e+09
1.646304440729815006e+09
1.646304440829787970e+09
1.646304440929783106e+09
1.646304441029797077e+09
1.646304441129817009e+09
1.646304441229835033e+09
1.646304441329838037e+09
1.646304441429840088e+09
1.646304441529824018e+09
1.646304441629791021e+09
1.646304441729779005e+09
1.646304441829771042e+09
1.646304441929765940e+09
1.646304442029752970e+09
1.646304442129738092e+09
1.646304442229722023e+09
1.646304442329720020e+09
1.646304442429728985e+09
1.646304442529741049e+09
1.646304442629750013e+09
1.646304442729743004e+09
1.646304442829726934e+09
1.646304442929723024e+09
1.646304443029740095e+09
1.646304443129760981e+09
1.646304443229768991e+09
1.646304443329751968e+09
1.646304443429723978e+09
1.646304443529704094e+09
1.646304443629693985e+09
1.646304443729692936e+09
1.646304443829699039e+09
1.646304443929711103e+09
1.646304444029721022e+09
1.646304444129730940e+09
1.646304444229741096e+09
1.646304444329741001e+09
1.646304444429728985e+09
1.646304444529706955e+09
1.646304444629683018e+09
1.646304444729675055e+09
1.646304444829679966e+09
1.646304444929692030e+09
1.646304445029699087e+09
1.646304445129689932e+09
1.646304445229671001e+09
1.646304445329673052e+09
1.646304445429692030e+09
1.646304445529726028e+09
1.646304445629741907e+09
1.646304445729718924e+09
1.646304445829703093e+09
1.646304445929683924e+09
1.646304446029670000e+09
1.646304446129671097e+09
1.646304446229679108e+09
1.646304446329674006e+09
1.646304446429538012e+09
1.646304446529117107e+09
1.646304446628983021e+09
1.646304446729094028e+09
1.646304446829401016e+09
1.646304446929177046e+09
1.646304447028757095e+09
1.646304447128817081e+09
1.646304447228856087e+09
1.646304447329205036e+09
1.646304447429040909e+09
1.646304447529093027e+09
1.646304447629148960e+09
1.646304447729573011e+09
1.646304447829740047e+09
1.646304447929826021e+09
1.646304448029738903e+09
1.646304448129945040e+09
1.646304448230452061e+09
1.646304448330728054e+09
1.646304448430361032e+09
1.646304448529793024e+09
1.646304448629074097e+09
1.646304448728255033e+09
1.646304448827960014e+09
1.646304448927875042e+09
1.646304449027878046e+09
1.646304449127892971e+09
1.646304449227910042e+09
1.646304449327869892e+09
1.646304449428411007e+09
1.646304449528561115e+09
1.646304449628041983e+09
1.646304449727624893e+09
1.646304449827867031e+09
1.646304449928163052e+09
1.646304450028687000e+09
1.646304450129230022e+09
1.646304450229387045e+09
1.646304450329454899e+09
1.646304450429126978e+09
1.646304450529000044e+09
1.646304450628706932e+09
1.646304450728286982e+09
1.646304450828052998e+09
1.646304450928280115e+09
1.646304451028489113e+09
1.646304451129190922e+09
1.646304451229979038e+09
1.646304451330318928e+09
1.646304451429836035e+09
1.646304451529068947e+09
1.646304451628499031e+09
1.646304451727730036e+09
1.646304451827358961e+09
1.646304451927239895e+09
1.646304452027704954e+09
1.646304452128298044e+09
1.646304452228988886e+09
1.646304452329432964e+09
1.646304452429445982e+09
1.646304452529156923e+09
1.646304452628989935e+09
1.646304452728600025e+09
1.646304452828150034e+09
1.646304452928061008e+09
1.646304453028601885e+09
1.646304453129081011e+09
1.646304453229692936e+09
1.646304453330724001e+09
1.646304453431391001e+09
1.646304453530872107e+09
1.646304453629354954e+09
1.646304453727988005e+09
1.646304453826422930e+09
1.646304453925304890e+09
1.646304454024950027e+09
1.646304454125107050e+09
1.646304454225712061e+09
1.646304454326875925e+09
1.646304454427891016e+09
1.646304454528362036e+09
1.646304454628226042e+09
1.646304454728203058e+09
1.646304454827655077e+09
1.646304454927083969e+09
1.646304455026964903e+09
1.646304455127418041e+09
1.646304455227849007e+09
1.646304455328718901e+09
1.646304455429472923e+09
1.646304455529855967e+09
1.646304455629730940e+09
1.646304455729212046e+09
1.646304455828643084e+09
1.646304455928174019e+09
1.646304456027802944e+09
1.646304456127799988e+09
1.646304456227956057e+09
1.646304456328085899e+09
1.646304456428385019e+09
1.646304456528801918e+09
1.646304456629287004e+09
1.646304456729801893e+09
1.646304456829812050e+09
1.646304456929194927e+09
1.646304457028425932e+09
1.646304457128067970e+09
1.646304457227708101e+09
1.646304457327841043e+09
1.646304457428498030e+09
1.646304457529175043e+09
1.646304457629717112e+09
1.646304457730048895e+09
1.646304457829778910e+09
1.646304457929409027e+09
1.646304458028990030e+09
1.646304458128472090e+09
1.646304458228065014e+09
1.646304458327903986e+09
1.646304458427942038e+09
1.646304458528090954e+09
1.646304458628242016e+09
1.646304458728378057e+09
1.646304458828474998e+09
1.646304458928575039e+09
1.646304459028660059e+09
1.646304459128731012e+09
1.646304459228853941e+09
1.646304459328999996e+09
1.646304459429008007e+09
1.646304459528923035e+09
1.646304459628948927e+09
1.646304459729032040e+09
1.646304459829096079e+09
1.646304459929156065e+09
1.646304460029184103e+09
1.646304460129209995e+09
1.646304460229228020e+09
1.646304460329256058e+09
1.646304460429250956e+09
1.646304460529241085e+09
1.646304460629246950e+09
1.646304460729253054e+09
1.646304460829263926e+09
1.646304460929301023e+09
1.646304461029334068e+09
1.646304461129352093e+09
1.646304461229346991e+09
1.646304461329308033e+09
1.646304461429259062e+09
1.646304461529232979e+09
1.646304461629235983e+09
1.646304461729243040e+09
1.646304461829236031e+09
1.646304461929229975e+09
1.646304462029232025e+09
1.646304462129251003e+09
1.646304462229259014e+09
1.646304462329257011e+09
1.646304462429255009e+09
1.646304462529252052e+09
1.646304462629245043e+09
1.646304462729243994e+09
1.646304462829276085e+09
1.646304462929295063e+09
1.646304463029300928e+09
1.646304463129291058e+09
1.646304463229284048e+09
1.646304463329277039e+09
1.646304463429260015e+09
1.646304463529247046e+09
1.646304463629244089e+09
1.646304463729243994e+09
1.646304463829231024e+09
1.646304463929209948e+09
1.646304464029211044e+09
1.646304464129230022e+09
1.646304464229248047e+09
1.646304464329241037e+09
1.646304464429214954e+09
1.646304464529200077e+09
1.646304464629214048e+09
1.646304464729237080e+09
1.646304464829242945e+09
1.646304464929230928e+09
1.646304465029221058e+09
1.646304465129210949e+09
1.646304465229193926e+09
1.646304465329178095e+09
1.646304465429172039e+09
1.646304465529171944e+09
1.646304465629178047e+09
1.646304465729177952e+09
1.646304465829170942e+09
1.646304465929158926e+09
1.646304466029170036e+09
1.646304466129167080e+09
1.646304466229171991e+09
1.646304466329175949e+09
1.646304466429178953e+09
1.646304466529170036e+09
1.646304466629147053e+09
1.646304466729193926e+09
1.646304466829391003e+09
1.646304466929697990e+09
1.646304467029684067e+09
1.646304467129457951e+09
1.646304467229108095e+09
1.646304467328639030e+09
1.646304467428270102e+09
1.646304467528009892e+09
1.646304467628163099e+09
1.646304467728271008e+09
1.646304467828149080e+09
1.646304467927800894e+09
1.646304468027234077e+09
1.646304468126954079e+09
1.646304468227201939e+09
1.646304468327245951e+09
1.646304468426959038e+09
1.646304468526388884e+09
1.646304468625869036e+09
1.646304468725573063e+09
1.646304468826283932e+09
1.646304468927715063e+09
1.646304469029649019e+09
1.646304469131306887e+09
1.646304469232023001e+09
1.646304469331823111e+09
1.646304469430454969e+09
1.646304469528243065e+09
1.646304469625828028e+09
1.646304469723664999e+09
1.646304469822048903e+09
1.646304469921330929e+09
1.646304470020900011e+09
1.646304470121278048e+09
1.646304470222280025e+09
1.646304470323714018e+09
1.646304470424983025e+09
1.646304470526206017e+09
1.646304470626491070e+09
1.646304470726217031e+09
1.646304470826410055e+09
1.646304470926254034e+09
1.646304471026087999e+09
1.646304471126224041e+09
1.646304471226883888e+09
1.646304471327543020e+09
1.646304471428601027e+09
1.646304471529681921e+09
1.646304471629971027e+09
1.646304471729252100e+09
1.646304471828583002e+09
1.646304471927567005e+09
1.646304472026598930e+09
1.646304472125879049e+09
1.646304472225996971e+09
1.646304472326500893e+09
1.646304472427433014e+09
1.646304472528434038e+09
1.646304472628968000e+09
1.646304472728976011e+09
1.646304472828727007e+09
1.646304472928565025e+09
1.646304473027997017e+09
1.646304473127625942e+09
1.646304473227397919e+09
1.646304473327867985e+09
1.646304473428517103e+09
1.646304473529834032e+09
1.646304473630954027e+09
1.646304473730827093e+09
1.646304473829411030e+09
1.646304473927746058e+09
1.646304474026078939e+09
1.646304474124516010e+09
1.646304474223347902e+09
1.646304474323143959e+09
1.646304474423563957e+09
1.646304474524646997e+09
1.646304474626045942e+09
1.646304474726922989e+09
1.646304474827275038e+09
1.646304474927329063e+09
1.646304475027261019e+09
1.646304475126593113e+09
1.646304475225873947e+09
1.646304475325309992e+09
1.646304475425617933e+09
1.646304475526154995e+09
1.646304475627434015e+09
1.646304475728856087e+09
1.646304475829926014e+09
1.646304475930588007e+09
1.646304476029953003e+09
1.646304476128686905e+09
1.646304476227669001e+09
1.646304476326402903e+09
1.646304476425586939e+09
1.646304476525298119e+09
1.646304476625397921e+09
1.646304476725903034e+09
1.646304476827315092e+09
1.646304476928601027e+09
1.646304477028753042e+09
1.646304477128232002e+09
1.646304477227973938e+09
1.646304477327358007e+09
1.646304477426789045e+09
1.646304477526760101e+09
1.646304477627254963e+09
1.646304477727715015e+09
1.646304477828639984e+09
1.646304477929126024e+09
1.646304478029386997e+09
1.646304478129451036e+09
1.646304478228985071e+09
1.646304478327769041e+09
1.646304478426748991e+09
1.646304478526180029e+09
1.646304478626038074e+09
1.646304478726304054e+09
1.646304478826859951e+09
1.646304478927231073e+09
1.646304479027967930e+09
1.646304479128530979e+09
1.646304479229089022e+09
1.646304479329452038e+09
1.646304479429670095e+09
1.646304479529777050e+09
1.646304479629286051e+09
1.646304479727720022e+09
1.646304479826054096e+09
1.646304479924885988e+09
1.646304480024712086e+09
1.646304480125222921e+09
1.646304480225594997e+09
1.646304480325699091e+09
1.646304480425954103e+09
1.646304480526489973e+09
1.646304480627429008e+09
1.646304480728462934e+09
1.646304480829319954e+09
1.646304480929517031e+09
1.646304481029742002e+09
1.646304481130007982e+09
1.646304481229737043e+09
1.646304481328818083e+09
1.646304481427251101e+09
1.646304481525437117e+09
1.646304481624119043e+09
1.646304481723726034e+09
1.646304481823786020e+09
1.646304481923732996e+09
1.646304482023730040e+09
1.646304482123667002e+09
1.646304482223320007e+09
1.646304482323581934e+09
1.646304482424715042e+09
1.646304482526206017e+09
1.646304482627196074e+09
1.646304482728029013e+09
1.646304482828876972e+09
1.646304482929656029e+09
1.646304483029392004e+09
1.646304483128623009e+09
1.646304483227752924e+09
1.646304483326735020e+09
1.646304483426198006e+09
1.646304483526546955e+09
1.646304483627449989e+09
1.646304483728549004e+09
1.646304483829571009e+09
1.646304483929527044e+09
1.646304484028956890e+09
1.646304484128387928e+09
1.646304484227519035e+09
1.646304484326752901e+09
1.646304484426184893e+09
1.646304484526341915e+09
1.646304484626837015e+09
1.646304484727838039e+09
1.646304484828768015e+09
1.646304484929277897e+09
1.646304485029027939e+09
1.646304485128258944e+09
1.646304485227588892e+09
1.646304485326869965e+09
1.646304485426155090e+09
1.646304485525930882e+09
1.646304485625916958e+09
1.646304485726186991e+09
1.646304485826754093e+09
1.646304485927788973e+09
1.646304486028645039e+09
1.646304486128616095e+09
1.646304486227998018e+09
1.646304486327478886e+09
1.646304486427185059e+09
1.646304486526904106e+09
1.646304486626734972e+09
1.646304486727030039e+09
1.646304486827557087e+09
1.646304486928047895e+09
1.646304487028928995e+09
1.646304487129821062e+09
1.646304487230305910e+09
1.646304487329427004e+09
1.646304487427364111e+09
1.646304487525697947e+09
1.646304487625171900e+09
1.646304487725523949e+09
1.646304487826438904e+09
1.646304487927164078e+09
1.646304488026989937e+09
1.646304488127060890e+09
1.646304488227432966e+09
1.646304488327362061e+09
1.646304488426949024e+09
1.646304488526587009e+09
1.646304488626770020e+09
1.646304488727344036e+09
1.646304488827852011e+09
1.646304488928073883e+09
1.646304489028043985e+09
1.646304489128015041e+09
1.646304489228142023e+09
1.646304489328305006e+09
1.646304489428347111e+09
1.646304489528321981e+09
1.646304489628355026e+09
1.646304489728358030e+09
1.646304489828272104e+09
1.646304489928277016e+09
1.646304490028294086e+09
1.646304490128324032e+09
1.646304490228435040e+09
1.646304490328480005e+09
1.646304490428494930e+09
1.646304490528521061e+09
1.646304490628582001e+09
1.646304490728595018e+09
1.646304490828547001e+09
1.646304490928512096e+09
1.646304491028460026e+09
1.646304491128417015e+09
1.646304491228399038e+09
1.646304491328411102e+09
1.646304491428441048e+09
1.646304491528464079e+09
1.646304491628417969e+09
1.646304491728363991e+09
1.646304491828470945e+09
1.646304491928550005e+09
1.646304492028573036e+09
1.646304492128551960e+09
1.646304492228534937e+09
1.646304492328504086e+09
1.646304492428427935e+09
1.646304492528445959e+09
1.646304492628519058e+09
1.646304492728449106e+09
1.646304492828418016e+09
1.646304492928380013e+09
1.646304493028254032e+09
1.646304493128349066e+09
1.646304493228492022e+09
1.646304493328572035e+09
1.646304493428570032e+09
1.646304493528527975e+09
1.646304493628611088e+09
1.646304493728383064e+09
1.646304493828119040e+09
1.646304493928158045e+09
1.646304494028186083e+09
1.646304494128210068e+09
1.646304494228228092e+09
1.646304494328238964e+09
1.646304494428246021e+09
1.646304494528254032e+09
1.646304494628268003e+09
1.646304494728280067e+09
1.646304494828288078e+09
1.646304494928302050e+09
1.646304495028326035e+09
1.646304495128329039e+09
1.646304495228332043e+09
1.646304495328349113e+09
1.646304495428373098e+09
1.646304495528387070e+09
1.646304495628406048e+09
1.646304495728430033e+09
1.646304495828454971e+09
1.646304495928472996e+09
1.646304496028476000e+09
1.646304496128458023e+09
1.646304496228421926e+09
1.646304496328386068e+09
1.646304496428360939e+09
1.646304496528352022e+09
1.646304496628340960e+09
1.646304496728327036e+09
1.646304496828330040e+09
