1.646305718997857094e+09
1.646305719097875118e+09
1.646305719197899103e+09
1.646305719297911882e+09
1.646305719397907019e+09
1.646305719497896910e+09
1.646305719597893000e+09
1.646305719697900057e+09
1.646305719797924042e+09
1.646305719897943974e+09
1.646305719997953892e+09
1.646305720097949028e+09
1.646305720197941065e+09
1.646305720297939062e+09
1.646305720397953987e+09
1.646305720497972012e+09
1.646305720597949982e+09
1.646305720697896004e+09
1.646305720797842979e+09
1.646305720897813082e+09
1.646305720997812033e+09
1.646305721097815037e+09
1.646305721197834015e+09
1.646305721297859907e+09
1.646305721397871017e+09
1.646305721497872114e+09
1.646305721597867012e+09
1.646305721697875023e+09
1.646305721797895908e+09
1.646305721897917032e+09
1.646305721997910976e+09
1.646305722097887039e+09
1.646305722197887897e+09
1.646305722297899961e+09
1.646305722397912025e+09
1.646305722497905970e+09
1.646305722597877026e+09
1.646305722697829008e+09
1.646305722797791958e+09
1.646305722897804022e+09
1.646305722997812033e+09
1.646305723097804070e+09
1.646305723197782040e+09
1.646305723297764063e+09
1.646305723397763014e+09
1.646305723497780085e+09
1.646305723597798109e+09
1.646305723697757006e+09
1.646305723797477007e+09
1.646305723897556067e+09
1.646305723998435020e+09
1.646305724099455118e+09
1.646305724199286938e+09
1.646305724297671080e+09
1.646305724395457029e+09
1.646305724494091034e+09
1.646305724594156027e+09
1.646305724695290089e+09
1.646305724796415091e+09
1.646305724896825075e+09
1.646305724996017933e+09
1.646305725094453096e+09
1.646305725193135977e+09
1.646305725292419910e+09
1.646305725392158985e+09
1.646305725492846966e+09
1.646305725594444036e+09
1.646305725696706057e+09
1.646305725799007893e+09
1.646305725900618076e+09
1.646305726000633001e+09
1.646305726098968983e+09
1.646305726196157932e+09
1.646305726293694019e+09
1.646305726392527103e+09
1.646305726491957903e+09
1.646305726591794014e+09
1.646305726691869974e+09
1.646305726792145014e+09
1.646305726891762018e+09
1.646305726991420031e+09
1.646305727091391087e+09
1.646305727191555023e+09
1.646305727291837931e+09
1.646305727392940044e+09
1.646305727494884014e+09
1.646305727597106934e+09
1.646305727698676109e+09
1.646305727798840046e+09
1.646305727898418903e+09
1.646305727997401953e+09
1.646305728096136093e+09
1.646305728195018053e+09
1.646305728294500113e+09
1.646305728394804955e+09
1.646305728495930910e+09
1.646305728597434044e+09
1.646305728698091030e+09
1.646305728797883034e+09
1.646305728896866083e+09
1.646305728994951010e+09
1.646305729092736006e+09
1.646305729191472054e+09
1.646305729291677952e+09
1.646305729393229961e+09
1.646305729496134996e+09
1.646305729598489046e+09
1.646305729699374914e+09
1.646305729799926043e+09
1.646305729899343967e+09
1.646305729997129917e+09
1.646305730093971014e+09
1.646305730191210032e+09
1.646305730289593935e+09
1.646305730389132023e+09
1.646305730489339113e+09
1.646305730589267969e+09
1.646305730688549042e+09
1.646305730788743019e+09
1.646305730890302896e+09
1.646305730992532015e+09
1.646305731094932079e+09
1.646305731197202921e+09
1.646305731297765017e+09
1.646305731398257971e+09
1.646305731498975039e+09
1.646305731599565029e+09
1.646305731699620008e+09
1.646305731799710035e+09
1.646305731899503946e+09
1.646305731998287916e+09
1.646305732096721888e+09
1.646305732195005894e+09
1.646305732293191910e+09
1.646305732392072916e+09
1.646305732491657019e+09
1.646305732591094017e+09
1.646305732690474987e+09
1.646305732790298939e+09
1.646305732890419960e+09
1.646305732990825891e+09
1.646305733091620922e+09
1.646305733192605019e+09
1.646305733293392897e+09
1.646305733393713951e+09
1.646305733494410038e+09
1.646305733595249891e+09
1.646305733695673943e+09
1.646305733796144009e+09
1.646305733896600962e+09
1.646305733996773958e+09
1.646305734096716881e+09
1.646305734196799040e+09
1.646305734297065020e+09
1.646305734397156954e+09
1.646305734497056007e+09
1.646305734596937895e+09
1.646305734696933031e+09
1.646305734796964884e+09
1.646305734897001028e+09
1.646305734997085094e+09
1.646305735097162008e+09
1.646305735197242975e+09
1.646305735297334909e+09
1.646305735397362947e+09
1.646305735497383118e+09
1.646305735597440958e+09
1.646305735697434902e+09
1.646305735797435999e+09
1.646305735897423983e+09
1.646305735997473001e+09
1.646305736097532034e+09
1.646305736197547913e+09
1.646305736297488928e+09
1.646305736397461891e+09
1.646305736497462988e+09
1.646305736597489119e+09
1.646305736697515011e+09
1.646305736797524929e+09
1.646305736897495031e+09
1.646305736997499943e+09
1.646305737097515106e+09
1.646305737197487116e+09
1.646305737297473907e+09
1.646305737397475004e+09
1.646305737497467995e+09
1.646305737597457886e+09
1.646305737697438002e+09
1.646305737797466993e+09
1.646305737897505045e+09
1.646305737997526884e+09
1.646305738097527027e+09
1.646305738197489023e+09
1.646305738297435999e+09
1.646305738397398949e+09
1.646305738497387886e+09
1.646305738597378016e+09
1.646305738697371960e+09
1.646305738797374964e+09
1.646305738897372007e+09
1.646305738997385025e+09
1.646305739097398043e+09
1.646305739197379112e+09
1.646305739297358990e+09
1.646305739397339106e+09
1.646305739497318029e+09
1.646305739597311020e+09
1.646305739697338104e+09
1.646305739797374010e+09
1.646305739897389889e+09
1.646305739997391939e+09
1.646305740097395897e+09
1.646305740197396040e+09
1.646305740297389984e+09
1.646305740397411108e+09
1.646305740497437954e+09
1.646305740597436905e+09
1.646305740697422028e+09
1.646305740797399044e+09
1.646305740897382021e+09
1.646305740997375011e+09
1.646305741097381115e+09
1.646305741197393894e+09
1.646305741297389030e+09
1.646305741397378922e+09
1.646305741497371912e+09
1.646305741597385883e+09
1.646305741697407961e+09
1.646305741797410011e+09
1.646305741897401094e+09
1.646305741997383118e+09
1.646305742097358942e+09
1.646305742197335958e+09
1.646305742297333956e+09
1.646305742397342920e+09
1.646305742497354031e+09
1.646305742597368002e+09
1.646305742697381020e+09
1.646305742797405958e+09
1.646305742897423983e+09
1.646305742997431040e+09
1.646305743097399950e+09
1.646305743197345972e+09
1.646305743297286987e+09
1.646305743397233963e+09
1.646305743497220039e+09
1.646305743597225904e+09
1.646305743697235107e+09
1.646305743797243118e+09
1.646305743897253036e+09
1.646305743997260094e+09
1.646305744097265005e+09
1.646305744197299957e+09
1.646305744297327995e+09
1.646305744397342920e+09
1.646305744497342110e+09
1.646305744597316027e+09
1.646305744697278023e+09
1.646305744797245026e+09
1.646305744897239923e+09
1.646305744997256041e+09
1.646305745097273111e+09
1.646305745197257996e+09
1.646305745297250032e+09
1.646305745396903038e+09
1.646305745496037006e+09
1.646305745596204042e+09
1.646305745697020054e+09
1.646305745797158003e+09
1.646305745896735907e+09
1.646305745996573925e+09
1.646305746096785069e+09
1.646305746196607113e+09
1.646305746296268940e+09
1.646305746396274090e+09
1.646305746496927023e+09
1.646305746598015070e+09
1.646305746698750019e+09
1.646305746798826933e+09
1.646305746898262978e+09
1.646305746997246027e+09
1.646305747095978022e+09
1.646305747194960117e+09
1.646305747294342041e+09
1.646305747393970013e+09
1.646305747493936062e+09
1.646305747594254971e+09
1.646305747694430113e+09
1.646305747794888020e+09
1.646305747895675898e+09
1.646305747996000051e+09
1.646305748095581055e+09
1.646305748195455074e+09
1.646305748295527935e+09
1.646305748395339012e+09
1.646305748495301008e+09
1.646305748595681906e+09
1.646305748695893049e+09
1.646305748796535015e+09
1.646305748897053003e+09
1.646305748997174025e+09
1.646305749096662045e+09
1.646305749196588039e+09
1.646305749296499968e+09
1.646305749396137953e+09
1.646305749496103048e+09
1.646305749596554041e+09
1.646305749696743965e+09
1.646305749797292948e+09
1.646305749897891045e+09
1.646305749998142004e+09
1.646305750097389936e+09
1.646305750196721077e+09
1.646305750296051025e+09
1.646305750395384073e+09
1.646305750495059013e+09
1.646305750595254898e+09
1.646305750695456028e+09
1.646305750796173096e+09
1.646305750897052050e+09
1.646305750997518063e+09
1.646305751096616983e+09
1.646305751195799112e+09
1.646305751295030117e+09
1.646305751394752026e+09
1.646305751495064974e+09
1.646305751595489025e+09
1.646305751695723057e+09
1.646305751796478033e+09
1.646305751897386074e+09
1.646305751998059034e+09
1.646305752097898006e+09
1.646305752197129011e+09
1.646305752295861006e+09
1.646305752394896030e+09
1.646305752494935036e+09
1.646305752595314980e+09
1.646305752695560932e+09
1.646305752795794010e+09
1.646305752895983934e+09
1.646305752995737076e+09
1.646305753095626116e+09
1.646305753195606947e+09
1.646305753295331955e+09
1.646305753394979000e+09
1.646305753494896889e+09
1.646305753595222950e+09
1.646305753695702076e+09
1.646305753796597004e+09
1.646305753897631884e+09
1.646305753997776031e+09
1.646305754097059011e+09
1.646305754196337938e+09
1.646305754296073914e+09
1.646305754396389008e+09
1.646305754496419907e+09
1.646305754596616030e+09
1.646305754697196007e+09
1.646305754798289061e+09
1.646305754898962975e+09
1.646305754998275042e+09
1.646305755096410036e+09
1.646305755195095062e+09
1.646305755293725967e+09
1.646305755392261028e+09
1.646305755491528034e+09
1.646305755592120886e+09
1.646305755692909002e+09
1.646305755794306040e+09
1.646305755895133018e+09
1.646305755995320082e+09
1.646305756095379114e+09
1.646305756195561886e+09
1.646305756295172930e+09
1.646305756394555092e+09
1.646305756494446039e+09
1.646305756594892025e+09
1.646305756695365906e+09
1.646305756796130896e+09
1.646305756896488905e+09
1.646305756996493101e+09
1.646305757096640110e+09
1.646305757196729898e+09
1.646305757296396017e+09
1.646305757395978928e+09
1.646305757496262074e+09
1.646305757596967936e+09
1.646305757697963953e+09
1.646305757798727036e+09
1.646305757898576021e+09
1.646305757997409105e+09
1.646305758095593929e+09
1.646305758193677902e+09
1.646305758292313099e+09
1.646305758391695023e+09
1.646305758491591930e+09
1.646305758592190027e+09
1.646305758692709923e+09
1.646305758792799950e+09
1.646305758893310070e+09
1.646305758993968010e+09
1.646305759094702005e+09
1.646305759195719957e+09
1.646305759296691895e+09
1.646305759397263050e+09
1.646305759497293949e+09
1.646305759596932888e+09
1.646305759696511984e+09
1.646305759795991898e+09
1.646305759895523071e+09
1.646305759995368958e+09
1.646305760095815897e+09
1.646305760196201086e+09
1.646305760296226025e+09
1.646305760396083117e+09
1.646305760496248960e+09
1.646305760596546888e+09
1.646305760696465015e+09
1.646305760796307087e+09
1.646305760896018028e+09
1.646305760995598078e+09
1.646305761095653057e+09
1.646305761196389914e+09
1.646305761296823025e+09
1.646305761396928072e+09
1.646305761497272015e+09
1.646305761597295046e+09
1.646305761696727037e+09
1.646305761796061993e+09
1.646305761895541906e+09
1.646305761995225906e+09
1.646305762095282078e+09
1.646305762195521116e+09
1.646305762295923948e+09
1.646305762396636009e+09
1.646305762497297049e+09
1.646305762597338915e+09
1.646305762696938038e+09
1.646305762796489954e+09
1.646305762896477938e+09
1.646305762996722937e+09
1.646305763097059011e+09
1.646305763197604895e+09
1.646305763297931910e+09
1.646305763397418976e+09
1.646305763496300936e+09
1.646305763595134020e+09
1.646305763694267035e+09
1.646305763794090033e+09
1.646305763893966913e+09
1.646305763993740082e+09
1.646305764093846083e+09
1.646305764193799019e+09
1.646305764294177055e+09
1.646305764395733118e+09
1.646305764496752024e+09
1.646305764596662045e+09
1.646305764696360111e+09
1.646305764796128035e+09
1.646305764895895958e+09
1.646305764995771885e+09
1.646305765096004009e+09
1.646305765196368933e+09
1.646305765296349049e+09
1.646305765396188974e+09
1.646305765496156931e+09
1.646305765596076012e+09
1.646305765696012020e+09
1.646305765796292067e+09
1.646305765896697044e+09
1.646305765996793032e+09
1.646305766096690893e+09
1.646305766196683884e+09
1.646305766296749115e+09
1.646305766396631956e+09
1.646305766496579885e+09
1.646305766596808910e+09
1.646305766697016001e+09
1.646305766796894073e+09
1.646305766896642923e+09
1.646305766996491909e+09
1.646305767096409082e+09
1.646305767196377039e+09
1.646305767296381950e+09
1.646305767396403074e+09
1.646305767496424913e+09
1.646305767596451044e+09
1.646305767696492910e+09
1.646305767796540976e+09
1.646305767896584034e+09
1.646305767996608973e+09
1.646305768096636057e+09
1.646305768196696043e+09
1.646305768296739101e+09
1.646305768396745920e+09
1.646305768496737003e+09
1.646305768596718073e+09
1.646305768696702957e+09
1.646305768796715021e+09
1.646305768896723032e+09
1.646305768996714115e+09
1.646305769096683025e+09
1.646305769196645975e+09
1.646305769296613932e+09
1.646305769396603107e+09
1.646305769496614933e+09
1.646305769596643925e+09
1.646305769696672916e+09
1.646305769796679974e+09
1.646305769896670103e+09
1.646305769996670961e+09
1.646305770096673965e+09
1.646305770196675062e+09
1.646305770296678066e+09
1.646305770396680117e+09
1.646305770496673107e+09
1.646305770596663952e+09
1.646305770696665049e+09
1.646305770796679020e+09
1.646305770896692038e+09
1.646305770996704102e+09
1.646305771096703053e+09
1.646305771196675062e+09
1.646305771296643019e+09
1.646305771396631002e+09
1.646305771496622086e+09
1.646305771596610069e+09
1.646305771696583033e+09
1.646305771796567917e+09
1.646305771896570921e+09
1.646305771996570110e+09
1.646305772096554041e+09
1.646305772196533918e+09
1.646305772296523094e+09
1.646305772396523952e+09
1.646305772496527910e+09
1.646305772596560955e+09
1.646305772696666002e+09
1.646305772797075033e+09
1.646305772896845102e+09
1.646305772996423960e+09
1.646305773096153021e+09
1.646305773196043015e+09
1.646305773296029091e+09
1.646305773395936012e+09
1.646305773495718002e+09
1.646305773595577002e+09
1.646305773695899010e+09
1.646305773796365023e+09
1.646305773896631002e+09
1.646305773996622086e+09
1.646305774096719027e+09
1.646305774196485043e+09
1.646305774296025038e+09
1.646305774395911932e+09
1.646305774496187925e+09
1.646305774596719027e+09
1.646305774697185993e+09
1.646305774797277927e+09
1.646305774896755934e+09
1.646305774995789051e+09
1.646305775095169067e+09
1.646305775195269108e+09
1.646305775295407057e+09
1.646305775395098925e+09
1.646305775495265007e+09
1.646305775596750975e+09
1.646305775698518038e+09
1.646305775798500061e+09
1.646305775896934032e+09
1.646305775994720936e+09
1.646305776092657089e+09
1.646305776190493107e+09
1.646305776288976908e+09
1.646305776388873100e+09
1.646305776490070105e+09
1.646305776591686010e+09
1.646305776692966938e+09
1.646305776793606043e+09
1.646305776894562960e+09
1.646305776995762110e+09
1.646305777096430063e+09
1.646305777196594000e+09
1.646305777296657085e+09
1.646305777396308899e+09
1.646305777495589972e+09
1.646305777594621897e+09
1.646305777693953037e+09
1.646305777794109106e+09
1.646305777895127058e+09
1.646305777995831966e+09
1.646305778096518040e+09
1.646305778197129011e+09
1.646305778296839952e+09
1.646305778396070957e+09
1.646305778495718002e+09
1.646305778595050097e+09
1.646305778694380045e+09
1.646305778794513941e+09
1.646305778894958019e+09
1.646305778995877028e+09
1.646305779096514940e+09
1.646305779196752071e+09
1.646305779296258926e+09
1.646305779396008968e+09
1.646305779495729923e+09
1.646305779595161915e+09
1.646305779695014000e+09
1.646305779795412064e+09
1.646305779895598888e+09
1.646305779995773077e+09
1.646305780096160889e+09
1.646305780196183920e+09
1.646305780296114922e+09
1.646305780395947933e+09
1.646305780495546103e+09
1.646305780595547915e+09
1.646305780696116924e+09
1.646305780796927929e+09
1.646305780897492886e+09
1.646305780997802019e+09
1.646305781097594023e+09
1.646305781196326017e+09
1.646305781295357943e+09
1.646305781394638062e+09
1.646305781494019032e+09
1.646305781593451023e+09
1.646305781693434954e+09
1.646305781793627977e+09
1.646305781894176006e+09
1.646305781994981050e+09
1.646305782095242023e+09
1.646305782194756985e+09
1.646305782294521093e+09
1.646305782394747019e+09
1.646305782494575024e+09
1.646305782594260931e+09
1.646305782694694042e+09
1.646305782795281887e+09
1.646305782896075964e+09
1.646305782996562958e+09
1.646305783096364975e+09
1.646305783195765018e+09
1.646305783295928001e+09
1.646305783395773888e+09
1.646305783495352030e+09
1.646305783594783068e+09
1.646305783694745064e+09
1.646305783795377970e+09
1.646305783896461964e+09
1.646305783996998072e+09
1.646305784096791983e+09
1.646305784196223021e+09
1.646305784295604944e+09
1.646305784395298004e+09
1.646305784495104074e+09
1.646305784595351934e+09
1.646305784695878029e+09
1.646305784796015024e+09
1.646305784895992994e+09
1.646305784995827913e+09
1.646305785095730066e+09
1.646305785195703030e+09
1.646305785295314074e+09
1.646305785394694090e+09
1.646305785494415998e+09
1.646305785594753027e+09
1.646305785695337057e+09
1.646305785796308994e+09
1.646305785897377968e+09
1.646305785997801065e+09
1.646305786097367048e+09
1.646305786196198940e+09
1.646305786294533014e+09
1.646305786392918110e+09
1.646305786491900921e+09
1.646305786591605902e+09
1.646305786692240000e+09
1.646305786793047905e+09
1.646305786893873930e+09
1.646305786994745016e+09
1.646305787095120907e+09
1.646305787195147991e+09
1.646305787295190096e+09
1.646305787395395041e+09
1.646305787495532990e+09
1.646305787595448017e+09
1.646305787695405006e+09
1.646305787795684099e+09
1.646305787895893097e+09
1.646305787995990038e+09
1.646305788096045017e+09
1.646305788196018934e+09
1.646305788295984030e+09
1.646305788395998955e+09
1.646305788496021986e+09
1.646305788595940113e+09
1.646305788696033001e+09
1.646305788796133041e+09
1.646305788896126986e+09
1.646305788996112108e+09
1.646305789096096992e+09
1.646305789196089029e+09
1.646305789296066046e+09
1.646305789396060944e+09
1.646305789496094942e+09
1.646305789596180916e+09
1.646305789696173906e+09
1.646305789796118021e+09
1.646305789896087885e+09
1.646305789996078014e+09
1.646305790096093893e+09
1.646305790196126938e+09
1.646305790296169043e+09
1.646305790396173954e+09
1.646305790496134043e+09
1.646305790596230030e+09
1.646305790696310043e+09
1.646305790796320915e+09
1.646305790896193027e+09
1.646305790996083975e+09
1.646305791095989943e+09
1.646305791195920944e+09
1.646305791295866966e+09
1.646305791395910025e+09
1.646305791495954037e+09
1.646305791595973015e+09
1.646305791695981979e+09
1.646305791795994043e+09
1.646305791896003008e+09
1.646305791996006012e+09
1.646305792096000910e+09
1.646305792196012020e+09
1.646305792296032906e+09
1.646305792396051884e+09
1.646305792496058941e+09
1.646305792596077919e+09
1.646305792696091890e+09
1.646305792796103001e+09
1.646305792896106005e+09
1.646305792996104002e+09
1.646305793096101046e+09
1.646305793196105957e+09
1.646305793296097994e+09
1.646305793396078110e+09
1.646305793496058941e+09
1.646305793596048117e+09
1.646305793696033001e+09
1.646305793796027899e+09
1.646305793896047115e+09
1.646305793996088982e+09
1.646305794096115112e+09
1.646305794196110010e+09
1.646305794296082020e+09
1.646305794396051884e+09
1.646305794496045113e+09
1.646305794596074104e+09
1.646305794696110964e+09
1.646305794796118975e+09
1.646305794896096945e+09
1.646305794996073008e+09
1.646305795096050978e+09
1.646305795196027040e+09
1.646305795296001911e+09
1.646305795395982027e+09
1.646305795495959997e+09
1.646305795595940113e+09
1.646305795695940018e+09
1.646305795795964003e+09
1.646305795895431042e+09
1.646305795995011091e+09
1.646305796094491959e+09
1.646305796193674088e+09
1.646305796293106079e+09
1.646305796393107891e+09
1.646305796493643999e+09
1.646305796594818115e+09
1.646305796696281910e+09
1.646305796797449112e+09
1.646305796897439003e+09
1.646305796997102022e+09
1.646305797097333908e+09
1.646305797196841955e+09
1.646305797296133041e+09
1.646305797395375967e+09
1.646305797494138002e+09
1.646305797593318939e+09
1.646305797692394018e+09
1.646305797791325092e+09
1.646305797890733004e+09
1.646305797991285086e+09
1.646305798093136072e+09
1.646305798194288015e+09
1.646305798295202017e+09
1.646305798396496058e+09
1.646305798495115042e+09
1.646305798592602015e+09
1.646305798690239906e+09
1.646305798788999081e+09
1.646305798887984991e+09
1.646305798989253044e+09
1.646305799094017029e+09
1.646305799198221922e+09
1.646305799299746037e+09
1.646305799398861885e+09
1.646305799495404005e+09
1.646305799591645002e+09
1.646305799688335896e+09
1.646305799785126925e+09
1.646305799885267019e+09
1.646305799988471985e+09
1.646305800091754913e+09
1.646305800193073988e+09
1.646305800292368889e+09
1.646305800392803907e+09
1.646305800492774010e+09
1.646305800592149019e+09
1.646305800692548990e+09
1.646305800793306112e+09
1.646305800893409014e+09
1.646305800994889021e+09
1.646305801095149994e+09
1.646305801196316004e+09
1.646305801296169996e+09
1.646305801396450043e+09
1.646305801495182991e+09
1.646305801593070030e+09
1.646305801691354036e+09
1.646305801790271044e+09
1.646305801890609980e+09
1.646305801994040012e+09
1.646305802098191023e+09
1.646305802199419022e+09
1.646305802299405098e+09
1.646305802397489071e+09
1.646305802493232012e+09
1.646305802589426041e+09
1.646305802684622049e+09
1.646305802781810045e+09
1.646305802880539894e+09
1.646305802984174013e+09
1.646305803090478897e+09
1.646305803194185019e+09
1.646305803296072006e+09
1.646305803392910957e+09
1.646305803490600109e+09
1.646305803589680910e+09
1.646305803688863039e+09
1.646305803788892984e+09
1.646305803889775991e+09
1.646305803991091967e+09
1.646305804091999054e+09
1.646305804193527937e+09
1.646305804293054104e+09
1.646305804393312931e+09
1.646305804494781017e+09
1.646305804595211029e+09
1.646305804698014975e+09
1.646305804799592018e+09
1.646305804900367975e+09
1.646305804999300003e+09
1.646305805096837997e+09
1.646305805192682028e+09
1.646305805288425922e+09
1.646305805384171009e+09
1.646305805481110096e+09
1.646305805580543995e+09
1.646305805680696011e+09
1.646305805781897068e+09
1.646305805883776903e+09
1.646305805986335039e+09
1.646305806088207006e+09
1.646305806189726114e+09
1.646305806291069984e+09
1.646305806392273903e+09
1.646305806493000984e+09
1.646305806593291044e+09
1.646305806693907022e+09
1.646305806794625998e+09
1.646305806895338058e+09
1.646305806995795965e+09
1.646305807096081972e+09
1.646305807196010113e+09
1.646305807295655966e+09
1.646305807395138979e+09
1.646305807494673014e+09
1.646305807594505072e+09
1.646305807694612026e+09
1.646305807794836044e+09
1.646305807895010948e+09
1.646305807995049953e+09
1.646305808095004082e+09
1.646305808195022106e+09
1.646305808295104027e+09
1.646305808395102024e+09
1.646305808495146036e+09
1.646305808595350027e+09
1.646305808695538044e+09
1.646305808795599937e+09
1.646305808895550013e+09
1.646305808995497942e+09
1.646305809095458984e+09
1.646305809195462942e+09
1.646305809295478106e+09
1.646305809395484924e+09
1.646305809495537996e+09
1.646305809595597029e+09
1.646305809695693016e+09
1.646305809795711994e+09
1.646305809895689964e+09
1.646305809995646000e+09
1.646305810095546961e+09
1.646305810195501089e+09
1.646305810295523882e+09
1.646305810395529032e+09
1.646305810495572090e+09
1.646305810595624924e+09
1.646305810695630074e+09
1.646305810795612097e+09
1.646305810895580053e+09
1.646305810995558023e+09
1.646305811095546007e+09
1.646305811195555925e+09
1.646305811295587063e+09
1.646305811395623922e+09
1.646305811495651960e+09
1.646305811595659971e+09
1.646305811695655107e+09
1.646305811795650005e+09
1.646305811895648956e+09
1.646305811995635986e+09
1.646305812095623016e+09
1.646305812195611000e+09
1.646305812295614004e+09
1.646305812395632029e+09
1.646305812495656013e+09
1.646305812595685005e+09
1.646305812695691109e+09
1.646305812795665979e+09
1.646305812895622015e+09
1.646305812995568991e+09
1.646305813095536947e+09
1.646305813195518017e+09
1.646305813295509100e+09
1.646305813395493984e+09
1.646305813495485067e+09
1.646305813595474005e+09
1.646305813695477009e+09
1.646305813795500994e+09
1.646305813895533085e+09
1.646305813995568037e+09
1.646305814095587015e+09
1.646305814195596933e+09
1.646305814295593977e+09
1.646305814395589113e+09
1.646305814495587111e+09
1.646305814595582008e+09
1.646305814695568085e+09
1.646305814795545101e+09
1.646305814895534992e+09
1.646305814995557070e+09
1.646305815095585108e+09
1.646305815195672035e+09
1.646305815296390057e+09
1.646305815396966934e+09
1.646305815496680021e+09
1.646305815595810890e+09
1.646305815694844007e+09
1.646305815793725014e+09
1.646305815892508030e+09
1.646305815991884947e+09
1.646305816092135906e+09
1.646305816192431927e+09
1.646305816291954994e+09
1.646305816391185999e+09
1.646305816490899086e+09
1.646305816591058016e+09
1.646305816691528082e+09
1.646305816791976929e+09
1.646305816892400026e+09
1.646305816993140936e+09
1.646305817093966961e+09
1.646305817195595980e+09
1.646305817297575951e+09
1.646305817398433924e+09
1.646305817497838020e+09
1.646305817595576048e+09
1.646305817693113089e+09
1.646305817791246891e+09
1.646305817890130043e+09
1.646305817989460945e+09
1.646305818088795900e+09
1.646305818189421892e+09
1.646305818290529013e+09
1.646305818391587019e+09
1.646305818492691040e+09
1.646305818593708038e+09
1.646305818693773031e+09
1.646305818793661118e+09
1.646305818893604994e+09
1.646305818993490934e+09
1.646305819093080997e+09
1.646305819192558050e+09
1.646305819293333054e+09
1.646305819394614935e+09
1.646305819495381117e+09
1.646305819595834017e+09
1.646305819696027994e+09
1.646305819795730114e+09
1.646305819894810915e+09
1.646305819994043112e+09
1.646305820094070911e+09
1.646305820194359064e+09
1.646305820294593096e+09
1.646305820394527912e+09
1.646305820493808985e+09
1.646305820593441010e+09
1.646305820692864895e+09
1.646305820791100025e+09
1.646305820893218994e+09
1.646305820994764090e+09
1.646305821095195055e+09
1.646305821195044994e+09
1.646305821294648886e+09
1.646305821394047022e+09
1.646305821494735003e+09
1.646305821595272064e+09
1.646305821694638968e+09
1.646305821794754982e+09
1.646305821896409035e+09
1.646305821997842073e+09
1.646305822097337961e+09
1.646305822195225000e+09
1.646305822293855906e+09
1.646305822392720938e+09
1.646305822493331909e+09
1.646305822593483925e+09
1.646305822693641901e+09
1.646305822793287039e+09
1.646305822892817974e+09
1.646305822991950035e+09
1.646305823091080904e+09
1.646305823190412998e+09
1.646305823289892912e+09
1.646305823389625072e+09
1.646305823490303040e+09
1.646305823591485977e+09
1.646305823692981005e+09
1.646305823794306040e+09
1.646305823895365000e+09
1.646305823996051073e+09
1.646305824096163034e+09
1.646305824195780039e+09
1.646305824294814110e+09
1.646305824394093037e+09
1.646305824492625952e+09
1.646305824592725992e+09
1.646305824693078041e+09
1.646305824793823957e+09
1.646305824893198967e+09
1.646305824993110895e+09
1.646305825094161034e+09
1.646305825194989920e+09
1.646305825295119047e+09
1.646305825395627022e+09
1.646305825494659901e+09
1.646305825593890905e+09
1.646305825694319010e+09
1.646305825794898033e+09
1.646305825895649910e+09
1.646305825996226072e+09
1.646305826095865011e+09
1.646305826194597006e+09
1.646305826293529034e+09
1.646305826392860889e+09
1.646305826492409945e+09
1.646305826592664003e+09
1.646305826693450928e+09
1.646305826794015884e+09
1.646305826894659996e+09
1.646305826995409966e+09
1.646305827095449924e+09
1.646305827195375919e+09
1.646305827295171976e+09
1.646305827395220995e+09
1.646305827495105028e+09
1.646305827593837023e+09
1.646305827692919016e+09
1.646305827792947054e+09
1.646305827893640041e+09
1.646305827993899107e+09
1.646305828094197035e+09
1.646305828194467068e+09
1.646305828294342041e+09
1.646305828394635916e+09
1.646305828494724035e+09
1.646305828594705105e+09
1.646305828694411993e+09
1.646305828793843031e+09
1.646305828894006968e+09
1.646305828994246960e+09
1.646305829094990969e+09
1.646305829195775986e+09
1.646305829295885086e+09
1.646305829395785093e+09
1.646305829495152950e+09
1.646305829594383955e+09
1.646305829693764925e+09
1.646305829793344021e+09
1.646305829893541098e+09
1.646305829993885040e+09
1.646305830094072104e+09
1.646305830193896055e+09
1.646305830293698072e+09
1.646305830393769979e+09
1.646305830494302034e+09
1.646305830594633102e+09
1.646305830694721937e+09
1.646305830794867992e+09
1.646305830895024061e+09
1.646305830994831085e+09
1.646305831094566107e+09
1.646305831194452047e+09
1.646305831294614077e+09
1.646305831395014048e+09
1.646305831495835066e+09
1.646305831596493959e+09
1.646305831696501017e+09
1.646305831796027899e+09
1.646305831894313097e+09
1.646305831992646933e+09
1.646305832092077017e+09
1.646305832191896915e+09
1.646305832291954041e+09
1.646305832391700983e+09
1.646305832491647005e+09
1.646305832592257023e+09
1.646305832692836046e+09
1.646305832793248892e+09
1.646305832893409014e+09
1.646305832993432045e+09
1.646305833093725920e+09
1.646305833194010019e+09
1.646305833294096947e+09
1.646305833394180059e+09
1.646305833494360924e+09
1.646305833594536066e+09
1.646305833694586992e+09
1.646305833794549942e+09
1.646305833894551039e+09
1.646305833994652033e+09
1.646305834094691992e+09
1.646305834194772005e+09
1.646305834294857979e+09
1.646305834394860983e+09
1.646305834494880915e+09
1.646305834594918013e+09
1.646305834694902897e+09
1.646305834794965982e+09
1.646305834894922018e+09
1.646305834994906902e+09
1.646305835094908953e+09
1.646305835194952011e+09
1.646305835295012951e+09
1.646305835395036936e+09
1.646305835495079041e+09
1.646305835595062017e+09
1.646305835694948912e+09
1.646305835794934034e+09
1.646305835894994020e+09
1.646305835995033026e+09
1.646305836094959021e+09
1.646305836194921970e+09
1.646305836294936895e+09
1.646305836394927979e+09
1.646305836494930029e+09
1.646305836594938040e+09
1.646305836694952011e+09
1.646305836794924974e+09
1.646305836894969940e+09
1.646305836995014906e+09
1.646305837095046043e+09
1.646305837195060015e+09
1.646305837295039892e+09
1.646305837394989967e+09
1.646305837494931936e+09
1.646305837594868898e+09
1.646305837694830894e+09
1.646305837794821024e+09
1.646305837894844055e+09
1.646305837994868040e+09
1.646305838094886065e+09
1.646305838194915056e+09
1.646305838294945955e+09
1.646305838394962072e+09
1.646305838494957924e+09
1.646305838594950914e+09
1.646305838694936991e+09
1.646305838794928074e+09
1.646305838894928932e+09
1.646305838994940042e+09
1.646305839094954014e+09
1.646305839194951057e+09
1.646305839294945002e+09
1.646305839394932985e+09
1.646305839494920015e+09
1.646305839594918966e+09
1.646305839694916964e+09
1.646305839794904947e+09
1.646305839894901991e+09
1.646305839994915962e+09
1.646305840094944954e+09
1.646305840194967031e+09
1.646305840294972897e+09
1.646305840394952059e+09
1.646305840494930029e+09
1.646305840594913006e+09
1.646305840694897890e+09
1.646305840794888973e+09
1.646305840894890070e+09
1.646305840994899035e+09
1.646305841094904900e+09
1.646305841194891930e+09
1.646305841294703960e+09
1.646305841394695044e+09
1.646305841494858027e+09
1.646305841595000982e+09
1.646305841694972038e+09
1.646305841794862032e+09
1.646305841894426107e+09
1.646305841993556023e+09
1.646305842092588902e+09
1.646305842192018032e+09
1.646305842292439938e+09
1.646305842393543005e+09
1.646305842494613886e+09
1.646305842595299006e+09
1.646305842695719957e+09
1.646305842795789003e+09
1.646305842895523071e+09
1.646305842994605064e+09
1.646305843093636036e+09
1.646305843193017006e+09
1.646305843292877913e+09
1.646305843392735004e+09
1.646305843493031979e+09
1.646305843593760967e+09
1.646305843694777966e+09
1.646305843795217037e+09
1.646305843895113945e+09
1.646305843994630098e+09
1.646305844093612909e+09
1.646305844192645073e+09
1.646305844291995049e+09
1.646305844392105103e+09
1.646305844492264986e+09
1.646305844593008995e+09
1.646305844693622112e+09
1.646305844794477940e+09
1.646305844895467043e+09
1.646305844995841980e+09
1.646305845095252037e+09
1.646305845194334030e+09
1.646305845293464899e+09
1.646305845392596960e+09
1.646305845492084026e+09
1.646305845592381954e+09
1.646305845692850113e+09
1.646305845793041945e+09
1.646305845893013000e+09
1.646305845993649960e+09
1.646305846094871998e+09
1.646305846196027040e+09
1.646305846296169043e+09
1.646305846394951105e+09
1.646305846492835999e+09
1.646305846591073036e+09
1.646305846689306021e+09
1.646305846788089991e+09
1.646305846888227940e+09
1.646305846989372015e+09
1.646305847090451002e+09
1.646305847191555023e+09
1.646305847292098999e+09
1.646305847392957926e+09
1.646305847494252920e+09
1.646305847595381975e+09
1.646305847696213961e+09
1.646305847796377897e+09
1.646305847895760059e+09
1.646305847994991064e+09
1.646305848093823910e+09
1.646305848192306042e+09
1.646305848290889978e+09
1.646305848389772892e+09
1.646305848489154100e+09
1.646305848588335037e+09
1.646305848688093901e+09
1.646305848788316965e+09
1.646305848889122009e+09
1.646305848990611076e+09
1.646305849092380047e+09
1.646305849194422007e+09
1.646305849295804977e+09
1.646305849396084070e+09
1.646305849495934963e+09
1.646305849594968081e+09
1.646305849693650007e+09
1.646305849792233944e+09
1.646305849891016960e+09
1.646305849990398884e+09
1.646305850089629889e+09
1.646305850189275026e+09
1.646305850290040016e+09
1.646305850391360998e+09
1.646305850492836952e+09
1.646305850593832970e+09
1.646305850694186926e+09
1.646305850794363022e+09
1.646305850893595934e+09
1.646305850992927074e+09
1.646305851092358112e+09
1.646305851191689014e+09
1.646305851291960001e+09
1.646305851392779112e+09
1.646305851493782997e+09
1.646305851594692945e+09
1.646305851695137024e+09
1.646305851795702934e+09
1.646305851895229101e+09
1.646305851994159937e+09
1.646305852092894077e+09
1.646305852191725969e+09
1.646305852291224003e+09
1.646305852391583920e+09
1.646305852492058039e+09
1.646305852592730999e+09
1.646305852693677902e+09
1.646305852794260025e+09
1.646305852894644022e+09
1.646305852994699955e+09
1.646305853094383001e+09
1.646305853193996906e+09
1.646305853293427944e+09
1.646305853393090963e+09
1.646305853492939949e+09
1.646305853593035936e+09
1.646305853693353891e+09
1.646305853793589115e+09
1.646305853893965960e+09
1.646305853994231939e+09
1.646305854094475985e+09
1.646305854194819927e+09
1.646305854295258045e+09
1.646305854395164967e+09
1.646305854494595051e+09
1.646305854593875885e+09
1.646305854692857981e+09
1.646305854792340040e+09
1.646305854891925097e+09
1.646305854991678953e+09
1.646305855092041016e+09
1.646305855192655087e+09
1.646305855293287039e+09
1.646305855393946886e+09
1.646305855494179964e+09
1.646305855594172001e+09
1.646305855693821907e+09
1.646305855793401003e+09
1.646305855892731905e+09
1.646305855992408037e+09
1.646305856092487097e+09
1.646305856192708015e+09
1.646305856293248892e+09
1.646305856393834114e+09
1.646305856494306087e+09
1.646305856594974041e+09
1.646305856695337057e+09
1.646305856795737028e+09
1.646305856895622969e+09
1.646305856994807005e+09
1.646305857093888044e+09
1.646305857192919970e+09
1.646305857292103052e+09
1.646305857391488075e+09
1.646305857491291046e+09
1.646305857592041016e+09
1.646305857693016052e+09
1.646305857793488026e+09
1.646305857893661976e+09
1.646305857993762016e+09
1.646305858093501091e+09
1.646305858193276882e+09
1.646305858293737888e+09
1.646305858394788027e+09
1.646305858495717049e+09
1.646305858596204042e+09
1.646305858695879936e+09
1.646305858794814110e+09
1.646305858893496990e+09
1.646305858992029905e+09
1.646305859091062069e+09
1.646305859190845013e+09
1.646305859290822029e+09
1.646305859390758991e+09
1.646305859491137028e+09
1.646305859591295004e+09
1.646305859691638947e+09
1.646305859791985989e+09
1.646305859892028093e+09
1.646305859991987944e+09
1.646305860091690063e+09
1.646305860191621065e+09
1.646305860291800976e+09
1.646305860391732931e+09
1.646305860491533041e+09
1.646305860591763020e+09
1.646305860692316055e+09
1.646305860793431997e+09
1.646305860894623041e+09
1.646305860995028019e+09
1.646305861094613075e+09
1.646305861193645000e+09
1.646305861292129040e+09
1.646305861391217947e+09
1.646305861491802931e+09
1.646305861592890024e+09
1.646305861693830013e+09
1.646305861794642925e+09
1.646305861894438028e+09
1.646305861993869066e+09
1.646305862093841076e+09
1.646305862193630934e+09
1.646305862293431997e+09
1.646305862393520117e+09
1.646305862493846893e+09
1.646305862593935966e+09
1.646305862693789005e+09
1.646305862793776035e+09
1.646305862893974066e+09
1.646305862994134903e+09
1.646305863094125986e+09
1.646305863194047928e+09
1.646305863294197083e+09
1.646305863394304991e+09
1.646305863494185925e+09
1.646305863594173908e+09
1.646305863694319010e+09
1.646305863794327974e+09
1.646305863894233942e+09
1.646305863994345903e+09
1.646305864094479084e+09
1.646305864194444895e+09
1.646305864294313908e+09
1.646305864394068003e+09
1.646305864493907928e+09
1.646305864593868017e+09
1.646305864693836927e+09
1.646305864793834925e+09
1.646305864893944979e+09
1.646305864994019032e+09
1.646305865094063997e+09
1.646305865194065094e+09
1.646305865294091940e+09
1.646305865394120932e+09
1.646305865494153023e+09
1.646305865594182014e+09
1.646305865694195986e+09
1.646305865794210911e+09
1.646305865894237041e+09
1.646305865994256973e+09
1.646305866094278097e+09
1.646305866194289923e+09
1.646305866294291973e+09
1.646305866394273996e+09
1.646305866494251013e+09
1.646305866594240904e+09
1.646305866694230080e+09
1.646305866794209957e+09
1.646305866894179106e+09
1.646305866994143009e+09
1.646305867094119072e+09
1.646305867194116116e+09
1.646305867294130087e+09
1.646305867394151926e+09
1.646305867494170904e+09
1.646305867594177961e+09
1.646305867694180965e+09
1.646305867794182062e+09
1.646305867894180059e+09
1.646305867994174957e+09
1.646305868094173908e+09
1.646305868194180012e+09
1.646305868294183016e+09
1.646305868394190073e+09
1.646305868494211912e+09
1.646305868594223976e+09
1.646305868694214106e+09
1.646305868794181108e+09
1.646305868894144058e+09
1.646305868994127035e+09
1.646305869094130039e+09
1.646305869194163084e+09
1.646305869294188976e+09
1.646305869394196033e+09
1.646305869494184971e+09
1.646305869594170094e+09
1.646305869694152117e+09
